51619 3
51688 19
51710 6
51712 5
51713 6
51714 6
51715 6
51718 8
51719 5
51721 5
51725 6
51732 4
51733 4
51735 5
51736 5
51738 4
51740 6
51742 5
51762 5
51764 4
51765 6
51768 4
51771 2
51777 5
51824 2
51831 14
51838 12
51840 12
51841 10
51842 12
51843 13
51854 12
51855 16
51856 2
51860 12
51874 8
51886 9
51619 3
51688 19
51710 6
51712 5
51713 6
51714 6
51715 6
51718 8
51719 5
51721 5
51725 6
51732 4
51733 4
51735 5
51736 5
51738 4
51740 6
51742 5
51762 5
51764 4
51765 6
51768 4
51771 2
51777 5
51824 2
51831 14
51838 12
51840 12
51841 10
51842 12
51843 13
51854 12
51855 16
51856 2
51860 12
51874 8
51886 9
51619 62
51688 443
51710 52
51712 47
51713 57
51714 58
51715 52
51718 77
51719 50
51721 50
51725 51
51732 36
51733 31
51735 42
51736 43
51738 40
51740 51
51742 48
51762 41
51764 38
51765 55
51768 40
51771 20
51777 48
51824 16
51831 133
51838 116
51840 115
51841 95
51842 114
51843 129
51854 120
51855 157
51856 21
51860 116
51874 74
51886 87
