0 0 0
0 1 0
0 2 0
0 3 0
0 4 0
0 5 0
0 6 0
0 7 0
0 8 0
0 9 0
0 10 0
0 11 0
0 12 0
0 13 0
0 14 0
0 15 0
0 16 0
0 17 0
0 18 0
0 19 0
1 0 0
1 1 0
1 2 0
1 3 0
1 4 0
1 5 0
1 6 0
1 7 0
1 8 0
1 9 0
1 10 0
1 11 0
1 12 0
1 13 0
1 14 0
1 15 0
1 16 0
1 17 0
1 18 0
1 19 0
2 0 0
2 1 0
2 2 0
2 3 0
2 4 0
2 5 0
2 6 0
2 7 0
2 8 0
2 9 0
2 10 0
2 11 0
2 12 0
2 13 0
2 14 0
2 15 0
2 16 0
2 17 0
2 18 0
2 19 0
3 0 0
3 1 0
3 2 0
3 3 0
3 4 0
3 5 0
3 6 0
3 7 0
3 8 0
3 9 0
3 10 0
3 11 0
3 12 0
3 13 0
3 14 0
3 15 0
3 16 0
3 17 0
3 18 0
3 19 0
4 0 0
4 1 0
4 2 0
4 3 0
4 4 0
4 5 0
4 6 0
4 7 0
4 8 0
4 9 0
4 10 0
4 11 0
4 12 0
4 13 0
4 14 0
4 15 0
4 16 0
4 17 0
4 18 0
4 19 0
5 0 0
5 1 0
5 2 0
5 3 0
5 4 0
5 5 0
5 6 0
5 7 0
5 8 0
5 9 0
5 10 0
5 11 0
5 12 0
5 13 0
5 14 0
5 15 0
5 16 0
5 17 0
5 18 0
5 19 0
6 0 0
6 1 0
6 2 0
6 3 0
6 4 0
6 5 0
6 6 0
6 7 0
6 8 0
6 9 0
6 10 0
6 11 0
6 12 0
6 13 0
6 14 0
6 15 0
6 16 0
6 17 0
6 18 0
6 19 0
7 0 0
7 1 0
7 2 0
7 3 0
7 4 0
7 5 0
7 6 0
7 7 0
7 8 0
7 9 0
7 10 0
7 11 0
7 12 0
7 13 0
7 14 0
7 15 0
7 16 0
7 17 0
7 18 0
7 19 0
8 0 0
8 1 0
8 2 0
8 3 0
8 4 0
8 5 0
8 6 0
8 7 0
8 8 0
8 9 0
8 10 0
8 11 0
8 12 0
8 13 0
8 14 0
8 15 0
8 16 0
8 17 0
8 18 0
8 19 0
9 0 0
9 1 0
9 2 0
9 3 0
9 4 0
9 5 0
9 6 0
9 7 0
9 8 0
9 9 0
9 10 0
9 11 0
9 12 0
9 13 0
9 14 0
9 15 0
9 16 0
9 17 0
9 18 0
9 19 0
10 0 1
10 1 1
10 2 1
10 3 1
10 4 1
10 5 1
10 6 1
10 7 1
10 8 1
10 9 1
10 10 1
10 11 1
10 12 1
10 13 1
10 14 1
10 15 1
10 16 1
10 17 1
10 18 1
10 19 1
11 0 1
11 1 1
11 2 1
11 3 1
11 4 1
11 5 1
11 6 1
11 7 1
11 8 1
11 9 1
11 10 1
11 11 1
11 12 1
11 13 1
11 14 1
11 15 1
11 16 1
11 17 1
11 18 1
11 19 1
12 0 1
12 1 1
12 2 1
12 3 1
12 4 1
12 5 1
12 6 1
12 7 1
12 8 1
12 9 1
12 10 1
12 11 1
12 12 1
12 13 1
12 14 1
12 15 1
12 16 1
12 17 1
12 18 1
12 19 1
13 0 1
13 1 1
13 2 1
13 3 1
13 4 1
13 5 1
13 6 1
13 7 1
13 8 1
13 9 1
13 10 1
13 11 1
13 12 1
13 13 1
13 14 1
13 15 1
13 16 1
13 17 1
13 18 1
13 19 1
14 0 1
14 1 1
14 2 1
14 3 1
14 4 1
14 5 1
14 6 1
14 7 1
14 8 1
14 9 1
14 10 1
14 11 1
14 12 1
14 13 1
14 14 1
14 15 1
14 16 1
14 17 1
14 18 1
14 19 1
15 0 1
15 1 1
15 2 1
15 3 1
15 4 1
15 5 1
15 6 1
15 7 1
15 8 1
15 9 1
15 10 1
15 11 1
15 12 1
15 13 1
15 14 1
15 15 1
15 16 1
15 17 1
15 18 1
15 19 1
16 0 1
16 1 1
16 2 1
16 3 1
16 4 1
16 5 1
16 6 1
16 7 1
16 8 1
16 9 1
16 10 1
16 11 1
16 12 1
16 13 1
16 14 1
16 15 1
16 16 1
16 17 1
16 18 1
16 19 1
17 0 1
17 1 1
17 2 1
17 3 1
17 4 1
17 5 1
17 6 1
17 7 1
17 8 1
17 9 1
17 10 1
17 11 1
17 12 1
17 13 1
17 14 1
17 15 1
17 16 1
17 17 1
17 18 1
17 19 1
18 0 1
18 1 1
18 2 1
18 3 1
18 4 1
18 5 1
18 6 1
18 7 1
18 8 1
18 9 1
18 10 1
18 11 1
18 12 1
18 13 1
18 14 1
18 15 1
18 16 1
18 17 1
18 18 1
18 19 1
19 0 1
19 1 1
19 2 1
19 3 1
19 4 1
19 5 1
19 6 1
19 7 1
19 8 1
19 9 1
19 10 1
19 11 1
19 12 1
19 13 1
19 14 1
19 15 1
19 16 1
19 17 1
19 18 1
19 19 1
20 0 2
20 1 2
20 2 2
20 3 2
20 4 2
20 5 2
20 6 2
20 7 2
20 8 2
20 9 2
20 10 2
20 11 2
20 12 2
20 13 2
20 14 2
20 15 2
20 16 2
20 17 2
20 18 2
20 19 2
21 0 2
21 1 2
21 2 2
21 3 2
21 4 2
21 5 2
21 6 2
21 7 2
21 8 2
21 9 2
21 10 2
21 11 2
21 12 2
21 13 2
21 14 2
21 15 2
21 16 2
21 17 2
21 18 2
21 19 2
22 0 2
22 1 2
22 2 2
22 3 2
22 4 2
22 5 2
22 6 2
22 7 2
22 8 2
22 9 2
22 10 2
22 11 2
22 12 2
22 13 2
22 14 2
22 15 2
22 16 2
22 17 2
22 18 2
22 19 2
23 0 2
23 1 2
23 2 2
23 3 2
23 4 2
23 5 2
23 6 2
23 7 2
23 8 2
23 9 2
23 10 2
23 11 2
23 12 2
23 13 2
23 14 2
23 15 2
23 16 2
23 17 2
23 18 2
23 19 2
24 0 2
24 1 2
24 2 2
24 3 2
24 4 2
24 5 2
24 6 2
24 7 2
24 8 2
24 9 2
24 10 2
24 11 2
24 12 2
24 13 2
24 14 2
24 15 2
24 16 2
24 17 2
24 18 2
24 19 2
25 0 2
25 1 2
25 2 2
25 3 2
25 4 2
25 5 2
25 6 2
25 7 2
25 8 2
25 9 2
25 10 2
25 11 2
25 12 2
25 13 2
25 14 2
25 15 2
25 16 2
25 17 2
25 18 2
25 19 2
26 0 2
26 1 2
26 2 2
26 3 2
26 4 2
26 5 2
26 6 2
26 7 2
26 8 2
26 9 2
26 10 2
26 11 2
26 12 2
26 13 2
26 14 2
26 15 2
26 16 2
26 17 2
26 18 2
26 19 2
27 0 2
27 1 2
27 2 2
27 3 2
27 4 2
27 5 2
27 6 2
27 7 2
27 8 2
27 9 2
27 10 2
27 11 2
27 12 2
27 13 2
27 14 2
27 15 2
27 16 2
27 17 2
27 18 2
27 19 2
28 0 2
28 1 2
28 2 2
28 3 2
28 4 2
28 5 2
28 6 2
28 7 2
28 8 2
28 9 2
28 10 2
28 11 2
28 12 2
28 13 2
28 14 2
28 15 2
28 16 2
28 17 2
28 18 2
28 19 2
29 0 2
29 1 2
29 2 2
29 3 2
29 4 2
29 5 2
29 6 2
29 7 2
29 8 2
29 9 2
29 10 2
29 11 2
29 12 2
29 13 2
29 14 2
29 15 2
29 16 2
29 17 2
29 18 2
29 19 2
30 0 3
30 1 3
30 2 3
30 3 3
30 4 3
30 5 3
30 6 3
30 7 3
30 8 3
30 9 3
30 10 3
30 11 3
30 12 3
30 13 3
30 14 3
30 15 3
30 16 3
30 17 3
30 18 3
30 19 3
31 0 3
31 1 3
31 2 3
31 3 3
31 4 3
31 5 3
31 6 3
31 7 3
31 8 3
31 9 3
31 10 3
31 11 3
31 12 3
31 13 3
31 14 3
31 15 3
31 16 3
31 17 3
31 18 3
31 19 3
32 0 3
32 1 3
32 2 3
32 3 3
32 4 3
32 5 3
32 6 3
32 7 3
32 8 3
32 9 3
32 10 3
32 11 3
32 12 3
32 13 3
32 14 3
32 15 3
32 16 3
32 17 3
32 18 3
32 19 3
33 0 3
33 1 3
33 2 3
33 3 3
33 4 3
33 5 3
33 6 3
33 7 3
33 8 3
33 9 3
33 10 3
33 11 3
33 12 3
33 13 3
33 14 3
33 15 3
33 16 3
33 17 3
33 18 3
33 19 3
34 0 3
34 1 3
34 2 3
34 3 3
34 4 3
34 5 3
34 6 3
34 7 3
34 8 3
34 9 3
34 10 3
34 11 3
34 12 3
34 13 3
34 14 3
34 15 3
34 16 3
34 17 3
34 18 3
34 19 3
35 0 3
35 1 3
35 2 3
35 3 3
35 4 3
35 5 3
35 6 3
35 7 3
35 8 3
35 9 3
35 10 3
35 11 3
35 12 3
35 13 3
35 14 3
35 15 3
35 16 3
35 17 3
35 18 3
35 19 3
36 0 3
36 1 3
36 2 3
36 3 3
36 4 3
36 5 3
36 6 3
36 7 3
36 8 3
36 9 3
36 10 3
36 11 3
36 12 3
36 13 3
36 14 3
36 15 3
36 16 3
36 17 3
36 18 3
36 19 3
37 0 3
37 1 3
37 2 3
37 3 3
37 4 3
37 5 3
37 6 3
37 7 3
37 8 3
37 9 3
37 10 3
37 11 3
37 12 3
37 13 3
37 14 3
37 15 3
37 16 3
37 17 3
37 18 3
37 19 3
38 0 3
38 1 3
38 2 3
38 3 3
38 4 3
38 5 3
38 6 3
38 7 3
38 8 3
38 9 3
38 10 3
38 11 3
38 12 3
38 13 3
38 14 3
38 15 3
38 16 3
38 17 3
38 18 3
38 19 3
39 0 3
39 1 3
39 2 3
39 3 3
39 4 3
39 5 3
39 6 3
39 7 3
39 8 3
39 9 3
39 10 3
39 11 3
39 12 3
39 13 3
39 14 3
39 15 3
39 16 3
39 17 3
39 18 3
39 19 3
40 0 4
40 1 4
40 2 4
40 3 4
40 4 4
40 5 4
40 6 4
40 7 4
40 8 4
40 9 4
40 10 4
40 11 4
40 12 4
40 13 4
40 14 4
40 15 4
40 16 4
40 17 4
40 18 4
40 19 4
41 0 4
41 1 4
41 2 4
41 3 4
41 4 4
41 5 4
41 6 4
41 7 4
41 8 4
41 9 4
41 10 4
41 11 4
41 12 4
41 13 4
41 14 4
41 15 4
41 16 4
41 17 4
41 18 4
41 19 4
42 0 4
42 1 4
42 2 4
42 3 4
42 4 4
42 5 4
42 6 4
42 7 4
42 8 4
42 9 4
42 10 4
42 11 4
42 12 4
42 13 4
42 14 4
42 15 4
42 16 4
42 17 4
42 18 4
42 19 4
43 0 4
43 1 4
43 2 4
43 3 4
43 4 4
43 5 4
43 6 4
43 7 4
43 8 4
43 9 4
43 10 4
43 11 4
43 12 4
43 13 4
43 14 4
43 15 4
43 16 4
43 17 4
43 18 4
43 19 4
44 0 4
44 1 4
44 2 4
44 3 4
44 4 4
44 5 4
44 6 4
44 7 4
44 8 4
44 9 4
44 10 4
44 11 4
44 12 4
44 13 4
44 14 4
44 15 4
44 16 4
44 17 4
44 18 4
44 19 4
45 0 4
45 1 4
45 2 4
45 3 4
45 4 4
45 5 4
45 6 4
45 7 4
45 8 4
45 9 4
45 10 4
45 11 4
45 12 4
45 13 4
45 14 4
45 15 4
45 16 4
45 17 4
45 18 4
45 19 4
46 0 4
46 1 4
46 2 4
46 3 4
46 4 4
46 5 4
46 6 4
46 7 4
46 8 4
46 9 4
46 10 4
46 11 4
46 12 4
46 13 4
46 14 4
46 15 4
46 16 4
46 17 4
46 18 4
46 19 4
47 0 4
47 1 4
47 2 4
47 3 4
47 4 4
47 5 4
47 6 4
47 7 4
47 8 4
47 9 4
47 10 4
47 11 4
47 12 4
47 13 4
47 14 4
47 15 4
47 16 4
47 17 4
47 18 4
47 19 4
48 0 4
48 1 4
48 2 4
48 3 4
48 4 4
48 5 4
48 6 4
48 7 4
48 8 4
48 9 4
48 10 4
48 11 4
48 12 4
48 13 4
48 14 4
48 15 4
48 16 4
48 17 4
48 18 4
48 19 4
49 0 4
49 1 4
49 2 4
49 3 4
49 4 4
49 5 4
49 6 4
49 7 4
49 8 4
49 9 4
49 10 4
49 11 4
49 12 4
49 13 4
49 14 4
49 15 4
49 16 4
49 17 4
49 18 4
49 19 4
50 0 5
50 1 5
50 2 5
50 3 5
50 4 5
50 5 5
50 6 5
50 7 5
50 8 5
50 9 5
50 10 5
50 11 5
50 12 5
50 13 5
50 14 5
50 15 5
50 16 5
50 17 5
50 18 5
50 19 5
51 0 5
51 1 5
51 2 5
51 3 5
51 4 5
51 5 5
51 6 5
51 7 5
51 8 5
51 9 5
51 10 5
51 11 5
51 12 5
51 13 5
51 14 5
51 15 5
51 16 5
51 17 5
51 18 5
51 19 5
52 0 5
52 1 5
52 2 5
52 3 5
52 4 5
52 5 5
52 6 5
52 7 5
52 8 5
52 9 5
52 10 5
52 11 5
52 12 5
52 13 5
52 14 5
52 15 5
52 16 5
52 17 5
52 18 5
52 19 5
53 0 5
53 1 5
53 2 5
53 3 5
53 4 5
53 5 5
53 6 5
53 7 5
53 8 5
53 9 5
53 10 5
53 11 5
53 12 5
53 13 5
53 14 5
53 15 5
53 16 5
53 17 5
53 18 5
53 19 5
54 0 5
54 1 5
54 2 5
54 3 5
54 4 5
54 5 5
54 6 5
54 7 5
54 8 5
54 9 5
54 10 5
54 11 5
54 12 5
54 13 5
54 14 5
54 15 5
54 16 5
54 17 5
54 18 5
54 19 5
55 0 5
55 1 5
55 2 5
55 3 5
55 4 5
55 5 5
55 6 5
55 7 5
55 8 5
55 9 5
55 10 5
55 11 5
55 12 5
55 13 5
55 14 5
55 15 5
55 16 5
55 17 5
55 18 5
55 19 5
56 0 5
56 1 5
56 2 5
56 3 5
56 4 5
56 5 5
56 6 5
56 7 5
56 8 5
56 9 5
56 10 5
56 11 5
56 12 5
56 13 5
56 14 5
56 15 5
56 16 5
56 17 5
56 18 5
56 19 5
57 0 5
57 1 5
57 2 5
57 3 5
57 4 5
57 5 5
57 6 5
57 7 5
57 8 5
57 9 5
57 10 5
57 11 5
57 12 5
57 13 5
57 14 5
57 15 5
57 16 5
57 17 5
57 18 5
57 19 5
58 0 5
58 1 5
58 2 5
58 3 5
58 4 5
58 5 5
58 6 5
58 7 5
58 8 5
58 9 5
58 10 5
58 11 5
58 12 5
58 13 5
58 14 5
58 15 5
58 16 5
58 17 5
58 18 5
58 19 5
59 0 5
59 1 5
59 2 5
59 3 5
59 4 5
59 5 5
59 6 5
59 7 5
59 8 5
59 9 5
59 10 5
59 11 5
59 12 5
59 13 5
59 14 5
59 15 5
59 16 5
59 17 5
59 18 5
59 19 5
60 0 6
60 1 6
60 2 6
60 3 6
60 4 6
60 5 6
60 6 6
60 7 6
60 8 6
60 9 6
60 10 6
60 11 6
60 12 6
60 13 6
60 14 6
60 15 6
60 16 6
60 17 6
60 18 6
60 19 6
61 0 6
61 1 6
61 2 6
61 3 6
61 4 6
61 5 6
61 6 6
61 7 6
61 8 6
61 9 6
61 10 6
61 11 6
61 12 6
61 13 6
61 14 6
61 15 6
61 16 6
61 17 6
61 18 6
61 19 6
62 0 6
62 1 6
62 2 6
62 3 6
62 4 6
62 5 6
62 6 6
62 7 6
62 8 6
62 9 6
62 10 6
62 11 6
62 12 6
62 13 6
62 14 6
62 15 6
62 16 6
62 17 6
62 18 6
62 19 6
63 0 6
63 1 6
63 2 6
63 3 6
63 4 6
63 5 6
63 6 6
63 7 6
63 8 6
63 9 6
63 10 6
63 11 6
63 12 6
63 13 6
63 14 6
63 15 6
63 16 6
63 17 6
63 18 6
63 19 6
64 0 6
64 1 6
64 2 6
64 3 6
64 4 6
64 5 6
64 6 6
64 7 6
64 8 6
64 9 6
64 10 6
64 11 6
64 12 6
64 13 6
64 14 6
64 15 6
64 16 6
64 17 6
64 18 6
64 19 6
65 0 6
65 1 6
65 2 6
65 3 6
65 4 6
65 5 6
65 6 6
65 7 6
65 8 6
65 9 6
65 10 6
65 11 6
65 12 6
65 13 6
65 14 6
65 15 6
65 16 6
65 17 6
65 18 6
65 19 6
66 0 6
66 1 6
66 2 6
66 3 6
66 4 6
66 5 6
66 6 6
66 7 6
66 8 6
66 9 6
66 10 6
66 11 6
66 12 6
66 13 6
66 14 6
66 15 6
66 16 6
66 17 6
66 18 6
66 19 6
67 0 6
67 1 6
67 2 6
67 3 6
67 4 6
67 5 6
67 6 6
67 7 6
67 8 6
67 9 6
67 10 6
67 11 6
67 12 6
67 13 6
67 14 6
67 15 6
67 16 6
67 17 6
67 18 6
67 19 6
68 0 6
68 1 6
68 2 6
68 3 6
68 4 6
68 5 6
68 6 6
68 7 6
68 8 6
68 9 6
68 10 6
68 11 6
68 12 6
68 13 6
68 14 6
68 15 6
68 16 6
68 17 6
68 18 6
68 19 6
69 0 6
69 1 6
69 2 6
69 3 6
69 4 6
69 5 6
69 6 6
69 7 6
69 8 6
69 9 6
69 10 6
69 11 6
69 12 6
69 13 6
69 14 6
69 15 6
69 16 6
69 17 6
69 18 6
69 19 6
70 0 7
70 1 7
70 2 7
70 3 7
70 4 7
70 5 7
70 6 7
70 7 7
70 8 7
70 9 7
70 10 7
70 11 7
70 12 7
70 13 7
70 14 7
70 15 7
70 16 7
70 17 7
70 18 7
70 19 7
71 0 7
71 1 7
71 2 7
71 3 7
71 4 7
71 5 7
71 6 7
71 7 7
71 8 7
71 9 7
71 10 7
71 11 7
71 12 7
71 13 7
71 14 7
71 15 7
71 16 7
71 17 7
71 18 7
71 19 7
72 0 7
72 1 7
72 2 7
72 3 7
72 4 7
72 5 7
72 6 7
72 7 7
72 8 7
72 9 7
72 10 7
72 11 7
72 12 7
72 13 7
72 14 7
72 15 7
72 16 7
72 17 7
72 18 7
72 19 7
73 0 7
73 1 7
73 2 7
73 3 7
73 4 7
73 5 7
73 6 7
73 7 7
73 8 7
73 9 7
73 10 7
73 11 7
73 12 7
73 13 7
73 14 7
73 15 7
73 16 7
73 17 7
73 18 7
73 19 7
74 0 7
74 1 7
74 2 7
74 3 7
74 4 7
74 5 7
74 6 7
74 7 7
74 8 7
74 9 7
74 10 7
74 11 7
74 12 7
74 13 7
74 14 7
74 15 7
74 16 7
74 17 7
74 18 7
74 19 7
75 0 7
75 1 7
75 2 7
75 3 7
75 4 7
75 5 7
75 6 7
75 7 7
75 8 7
75 9 7
75 10 7
75 11 7
75 12 7
75 13 7
75 14 7
75 15 7
75 16 7
75 17 7
75 18 7
75 19 7
76 0 7
76 1 7
76 2 7
76 3 7
76 4 7
76 5 7
76 6 7
76 7 7
76 8 7
76 9 7
76 10 7
76 11 7
76 12 7
76 13 7
76 14 7
76 15 7
76 16 7
76 17 7
76 18 7
76 19 7
77 0 7
77 1 7
77 2 7
77 3 7
77 4 7
77 5 7
77 6 7
77 7 7
77 8 7
77 9 7
77 10 7
77 11 7
77 12 7
77 13 7
77 14 7
77 15 7
77 16 7
77 17 7
77 18 7
77 19 7
78 0 7
78 1 7
78 2 7
78 3 7
78 4 7
78 5 7
78 6 7
78 7 7
78 8 7
78 9 7
78 10 7
78 11 7
78 12 7
78 13 7
78 14 7
78 15 7
78 16 7
78 17 7
78 18 7
78 19 7
79 0 7
79 1 7
79 2 7
79 3 7
79 4 7
79 5 7
79 6 7
79 7 7
79 8 7
79 9 7
79 10 7
79 11 7
79 12 7
79 13 7
79 14 7
79 15 7
79 16 7
79 17 7
79 18 7
79 19 7
80 0 8
80 1 8
80 2 8
80 3 8
80 4 8
80 5 8
80 6 8
80 7 8
80 8 8
80 9 8
80 10 8
80 11 8
80 12 8
80 13 8
80 14 8
80 15 8
80 16 8
80 17 8
80 18 8
80 19 8
81 0 8
81 1 8
81 2 8
81 3 8
81 4 8
81 5 8
81 6 8
81 7 8
81 8 8
81 9 8
81 10 8
81 11 8
81 12 8
81 13 8
81 14 8
81 15 8
81 16 8
81 17 8
81 18 8
81 19 8
82 0 8
82 1 8
82 2 8
82 3 8
82 4 8
82 5 8
82 6 8
82 7 8
82 8 8
82 9 8
82 10 8
82 11 8
82 12 8
82 13 8
82 14 8
82 15 8
82 16 8
82 17 8
82 18 8
82 19 8
83 0 8
83 1 8
83 2 8
83 3 8
83 4 8
83 5 8
83 6 8
83 7 8
83 8 8
83 9 8
83 10 8
83 11 8
83 12 8
83 13 8
83 14 8
83 15 8
83 16 8
83 17 8
83 18 8
83 19 8
84 0 8
84 1 8
84 2 8
84 3 8
84 4 8
84 5 8
84 6 8
84 7 8
84 8 8
84 9 8
84 10 8
84 11 8
84 12 8
84 13 8
84 14 8
84 15 8
84 16 8
84 17 8
84 18 8
84 19 8
85 0 8
85 1 8
85 2 8
85 3 8
85 4 8
85 5 8
85 6 8
85 7 8
85 8 8
85 9 8
85 10 8
85 11 8
85 12 8
85 13 8
85 14 8
85 15 8
85 16 8
85 17 8
85 18 8
85 19 8
86 0 8
86 1 8
86 2 8
86 3 8
86 4 8
86 5 8
86 6 8
86 7 8
86 8 8
86 9 8
86 10 8
86 11 8
86 12 8
86 13 8
86 14 8
86 15 8
86 16 8
86 17 8
86 18 8
86 19 8
87 0 8
87 1 8
87 2 8
87 3 8
87 4 8
87 5 8
87 6 8
87 7 8
87 8 8
87 9 8
87 10 8
87 11 8
87 12 8
87 13 8
87 14 8
87 15 8
87 16 8
87 17 8
87 18 8
87 19 8
88 0 8
88 1 8
88 2 8
88 3 8
88 4 8
88 5 8
88 6 8
88 7 8
88 8 8
88 9 8
88 10 8
88 11 8
88 12 8
88 13 8
88 14 8
88 15 8
88 16 8
88 17 8
88 18 8
88 19 8
89 0 8
89 1 8
89 2 8
89 3 8
89 4 8
89 5 8
89 6 8
89 7 8
89 8 8
89 9 8
89 10 8
89 11 8
89 12 8
89 13 8
89 14 8
89 15 8
89 16 8
89 17 8
89 18 8
89 19 8
90 0 9
90 1 9
90 2 9
90 3 9
90 4 9
90 5 9
90 6 9
90 7 9
90 8 9
90 9 9
90 10 9
90 11 9
90 12 9
90 13 9
90 14 9
90 15 9
90 16 9
90 17 9
90 18 9
90 19 9
91 0 9
91 1 9
91 2 9
91 3 9
91 4 9
91 5 9
91 6 9
91 7 9
91 8 9
91 9 9
91 10 9
91 11 9
91 12 9
91 13 9
91 14 9
91 15 9
91 16 9
91 17 9
91 18 9
91 19 9
92 0 9
92 1 9
92 2 9
92 3 9
92 4 9
92 5 9
92 6 9
92 7 9
92 8 9
92 9 9
92 10 9
92 11 9
92 12 9
92 13 9
92 14 9
92 15 9
92 16 9
92 17 9
92 18 9
92 19 9
93 0 9
93 1 9
93 2 9
93 3 9
93 4 9
93 5 9
93 6 9
93 7 9
93 8 9
93 9 9
93 10 9
93 11 9
93 12 9
93 13 9
93 14 9
93 15 9
93 16 9
93 17 9
93 18 9
93 19 9
94 0 9
94 1 9
94 2 9
94 3 9
94 4 9
94 5 9
94 6 9
94 7 9
94 8 9
94 9 9
94 10 9
94 11 9
94 12 9
94 13 9
94 14 9
94 15 9
94 16 9
94 17 9
94 18 9
94 19 9
95 0 9
95 1 9
95 2 9
95 3 9
95 4 9
95 5 9
95 6 9
95 7 9
95 8 9
95 9 9
95 10 9
95 11 9
95 12 9
95 13 9
95 14 9
95 15 9
95 16 9
95 17 9
95 18 9
95 19 9
96 0 9
96 1 9
96 2 9
96 3 9
96 4 9
96 5 9
96 6 9
96 7 9
96 8 9
96 9 9
96 10 9
96 11 9
96 12 9
96 13 9
96 14 9
96 15 9
96 16 9
96 17 9
96 18 9
96 19 9
97 0 9
97 1 9
97 2 9
97 3 9
97 4 9
97 5 9
97 6 9
97 7 9
97 8 9
97 9 9
97 10 9
97 11 9
97 12 9
97 13 9
97 14 9
97 15 9
97 16 9
97 17 9
97 18 9
97 19 9
98 0 9
98 1 9
98 2 9
98 3 9
98 4 9
98 5 9
98 6 9
98 7 9
98 8 9
98 9 9
98 10 9
98 11 9
98 12 9
98 13 9
98 14 9
98 15 9
98 16 9
98 17 9
98 18 9
98 19 9
99 0 9
99 1 9
99 2 9
99 3 9
99 4 9
99 5 9
99 6 9
99 7 9
99 8 9
99 9 9
99 10 9
99 11 9
99 12 9
99 13 9
99 14 9
99 15 9
99 16 9
99 17 9
99 18 9
99 19 9
100 0 10
100 1 10
100 2 10
100 3 10
100 4 10
100 5 10
100 6 10
100 7 10
100 8 10
100 9 10
100 10 10
100 11 10
100 12 10
100 13 10
100 14 10
100 15 10
100 16 10
100 17 10
100 18 10
100 19 10
101 0 10
101 1 10
101 2 10
101 3 10
101 4 10
101 5 10
101 6 10
101 7 10
101 8 10
101 9 10
101 10 10
101 11 10
101 12 10
101 13 10
101 14 10
101 15 10
101 16 10
101 17 10
101 18 10
101 19 10
102 0 10
102 1 10
102 2 10
102 3 10
102 4 10
102 5 10
102 6 10
102 7 10
102 8 10
102 9 10
102 10 10
102 11 10
102 12 10
102 13 10
102 14 10
102 15 10
102 16 10
102 17 10
102 18 10
102 19 10
103 0 10
103 1 10
103 2 10
103 3 10
103 4 10
103 5 10
103 6 10
103 7 10
103 8 10
103 9 10
103 10 10
103 11 10
103 12 10
103 13 10
103 14 10
103 15 10
103 16 10
103 17 10
103 18 10
103 19 10
104 0 10
104 1 10
104 2 10
104 3 10
104 4 10
104 5 10
104 6 10
104 7 10
104 8 10
104 9 10
104 10 10
104 11 10
104 12 10
104 13 10
104 14 10
104 15 10
104 16 10
104 17 10
104 18 10
104 19 10
105 0 10
105 1 10
105 2 10
105 3 10
105 4 10
105 5 10
105 6 10
105 7 10
105 8 10
105 9 10
105 10 10
105 11 10
105 12 10
105 13 10
105 14 10
105 15 10
105 16 10
105 17 10
105 18 10
105 19 10
106 0 10
106 1 10
106 2 10
106 3 10
106 4 10
106 5 10
106 6 10
106 7 10
106 8 10
106 9 10
106 10 10
106 11 10
106 12 10
106 13 10
106 14 10
106 15 10
106 16 10
106 17 10
106 18 10
106 19 10
107 0 10
107 1 10
107 2 10
107 3 10
107 4 10
107 5 10
107 6 10
107 7 10
107 8 10
107 9 10
107 10 10
107 11 10
107 12 10
107 13 10
107 14 10
107 15 10
107 16 10
107 17 10
107 18 10
107 19 10
108 0 10
108 1 10
108 2 10
108 3 10
108 4 10
108 5 10
108 6 10
108 7 10
108 8 10
108 9 10
108 10 10
108 11 10
108 12 10
108 13 10
108 14 10
108 15 10
108 16 10
108 17 10
108 18 10
108 19 10
109 0 10
109 1 10
109 2 10
109 3 10
109 4 10
109 5 10
109 6 10
109 7 10
109 8 10
109 9 10
109 10 10
109 11 10
109 12 10
109 13 10
109 14 10
109 15 10
109 16 10
109 17 10
109 18 10
109 19 10
110 0 11
110 1 11
110 2 11
110 3 11
110 4 11
110 5 11
110 6 11
110 7 11
110 8 11
110 9 11
110 10 11
110 11 11
110 12 11
110 13 11
110 14 11
110 15 11
110 16 11
110 17 11
110 18 11
110 19 11
111 0 11
111 1 11
111 2 11
111 3 11
111 4 11
111 5 11
111 6 11
111 7 11
111 8 11
111 9 11
111 10 11
111 11 11
111 12 11
111 13 11
111 14 11
111 15 11
111 16 11
111 17 11
111 18 11
111 19 11
112 0 11
112 1 11
112 2 11
112 3 11
112 4 11
112 5 11
112 6 11
112 7 11
112 8 11
112 9 11
112 10 11
112 11 11
112 12 11
112 13 11
112 14 11
112 15 11
112 16 11
112 17 11
112 18 11
112 19 11
113 0 11
113 1 11
113 2 11
113 3 11
113 4 11
113 5 11
113 6 11
113 7 11
113 8 11
113 9 11
113 10 11
113 11 11
113 12 11
113 13 11
113 14 11
113 15 11
113 16 11
113 17 11
113 18 11
113 19 11
114 0 11
114 1 11
114 2 11
114 3 11
114 4 11
114 5 11
114 6 11
114 7 11
114 8 11
114 9 11
114 10 11
114 11 11
114 12 11
114 13 11
114 14 11
114 15 11
114 16 11
114 17 11
114 18 11
114 19 11
115 0 11
115 1 11
115 2 11
115 3 11
115 4 11
115 5 11
115 6 11
115 7 11
115 8 11
115 9 11
115 10 11
115 11 11
115 12 11
115 13 11
115 14 11
115 15 11
115 16 11
115 17 11
115 18 11
115 19 11
116 0 11
116 1 11
116 2 11
116 3 11
116 4 11
116 5 11
116 6 11
116 7 11
116 8 11
116 9 11
116 10 11
116 11 11
116 12 11
116 13 11
116 14 11
116 15 11
116 16 11
116 17 11
116 18 11
116 19 11
117 0 11
117 1 11
117 2 11
117 3 11
117 4 11
117 5 11
117 6 11
117 7 11
117 8 11
117 9 11
117 10 11
117 11 11
117 12 11
117 13 11
117 14 11
117 15 11
117 16 11
117 17 11
117 18 11
117 19 11
118 0 11
118 1 11
118 2 11
118 3 11
118 4 11
118 5 11
118 6 11
118 7 11
118 8 11
118 9 11
118 10 11
118 11 11
118 12 11
118 13 11
118 14 11
118 15 11
118 16 11
118 17 11
118 18 11
118 19 11
119 0 11
119 1 11
119 2 11
119 3 11
119 4 11
119 5 11
119 6 11
119 7 11
119 8 11
119 9 11
119 10 11
119 11 11
119 12 11
119 13 11
119 14 11
119 15 11
119 16 11
119 17 11
119 18 11
119 19 11
120 0 12
120 1 12
120 2 12
120 3 12
120 4 12
120 5 12
120 6 12
120 7 12
120 8 12
120 9 12
120 10 12
120 11 12
120 12 12
120 13 12
120 14 12
120 15 12
120 16 12
120 17 12
120 18 12
120 19 12
121 0 12
121 1 12
121 2 12
121 3 12
121 4 12
121 5 12
121 6 12
121 7 12
121 8 12
121 9 12
121 10 12
121 11 12
121 12 12
121 13 12
121 14 12
121 15 12
121 16 12
121 17 12
121 18 12
121 19 12
122 0 12
122 1 12
122 2 12
122 3 12
122 4 12
122 5 12
122 6 12
122 7 12
122 8 12
122 9 12
122 10 12
122 11 12
122 12 12
122 13 12
122 14 12
122 15 12
122 16 12
122 17 12
122 18 12
122 19 12
123 0 12
123 1 12
123 2 12
123 3 12
123 4 12
123 5 12
123 6 12
123 7 12
123 8 12
123 9 12
123 10 12
123 11 12
123 12 12
123 13 12
123 14 12
123 15 12
123 16 12
123 17 12
123 18 12
123 19 12
124 0 12
124 1 12
124 2 12
124 3 12
124 4 12
124 5 12
124 6 12
124 7 12
124 8 12
124 9 12
124 10 12
124 11 12
124 12 12
124 13 12
124 14 12
124 15 12
124 16 12
124 17 12
124 18 12
124 19 12
125 0 12
125 1 12
125 2 12
125 3 12
125 4 12
125 5 12
125 6 12
125 7 12
125 8 12
125 9 12
125 10 12
125 11 12
125 12 12
125 13 12
125 14 12
125 15 12
125 16 12
125 17 12
125 18 12
125 19 12
126 0 12
126 1 12
126 2 12
126 3 12
126 4 12
126 5 12
126 6 12
126 7 12
126 8 12
126 9 12
126 10 12
126 11 12
126 12 12
126 13 12
126 14 12
126 15 12
126 16 12
126 17 12
126 18 12
126 19 12
127 0 12
127 1 12
127 2 12
127 3 12
127 4 12
127 5 12
127 6 12
127 7 12
127 8 12
127 9 12
127 10 12
127 11 12
127 12 12
127 13 12
127 14 12
127 15 12
127 16 12
127 17 12
127 18 12
127 19 12
128 0 12
128 1 12
128 2 12
128 3 12
128 4 12
128 5 12
128 6 12
128 7 12
128 8 12
128 9 12
128 10 12
128 11 12
128 12 12
128 13 12
128 14 12
128 15 12
128 16 12
128 17 12
128 18 12
128 19 12
129 0 12
129 1 12
129 2 12
129 3 12
129 4 12
129 5 12
129 6 12
129 7 12
129 8 12
129 9 12
129 10 12
129 11 12
129 12 12
129 13 12
129 14 12
129 15 12
129 16 12
129 17 12
129 18 12
129 19 12
130 0 13
130 1 13
130 2 13
130 3 13
130 4 13
130 5 13
130 6 13
130 7 13
130 8 13
130 9 13
130 10 13
130 11 13
130 12 13
130 13 13
130 14 13
130 15 13
130 16 13
130 17 13
130 18 13
130 19 13
131 0 13
131 1 13
131 2 13
131 3 13
131 4 13
131 5 13
131 6 13
131 7 13
131 8 13
131 9 13
131 10 13
131 11 13
131 12 13
131 13 13
131 14 13
131 15 13
131 16 13
131 17 13
131 18 13
131 19 13
132 0 13
132 1 13
132 2 13
132 3 13
132 4 13
132 5 13
132 6 13
132 7 13
132 8 13
132 9 13
132 10 13
132 11 13
132 12 13
132 13 13
132 14 13
132 15 13
132 16 13
132 17 13
132 18 13
132 19 13
133 0 13
133 1 13
133 2 13
133 3 13
133 4 13
133 5 13
133 6 13
133 7 13
133 8 13
133 9 13
133 10 13
133 11 13
133 12 13
133 13 13
133 14 13
133 15 13
133 16 13
133 17 13
133 18 13
133 19 13
134 0 13
134 1 13
134 2 13
134 3 13
134 4 13
134 5 13
134 6 13
134 7 13
134 8 13
134 9 13
134 10 13
134 11 13
134 12 13
134 13 13
134 14 13
134 15 13
134 16 13
134 17 13
134 18 13
134 19 13
135 0 13
135 1 13
135 2 13
135 3 13
135 4 13
135 5 13
135 6 13
135 7 13
135 8 13
135 9 13
135 10 13
135 11 13
135 12 13
135 13 13
135 14 13
135 15 13
135 16 13
135 17 13
135 18 13
135 19 13
136 0 13
136 1 13
136 2 13
136 3 13
136 4 13
136 5 13
136 6 13
136 7 13
136 8 13
136 9 13
136 10 13
136 11 13
136 12 13
136 13 13
136 14 13
136 15 13
136 16 13
136 17 13
136 18 13
136 19 13
137 0 13
137 1 13
137 2 13
137 3 13
137 4 13
137 5 13
137 6 13
137 7 13
137 8 13
137 9 13
137 10 13
137 11 13
137 12 13
137 13 13
137 14 13
137 15 13
137 16 13
137 17 13
137 18 13
137 19 13
138 0 13
138 1 13
138 2 13
138 3 13
138 4 13
138 5 13
138 6 13
138 7 13
138 8 13
138 9 13
138 10 13
138 11 13
138 12 13
138 13 13
138 14 13
138 15 13
138 16 13
138 17 13
138 18 13
138 19 13
139 0 13
139 1 13
139 2 13
139 3 13
139 4 13
139 5 13
139 6 13
139 7 13
139 8 13
139 9 13
139 10 13
139 11 13
139 12 13
139 13 13
139 14 13
139 15 13
139 16 13
139 17 13
139 18 13
139 19 13
140 0 14
140 1 14
140 2 14
140 3 14
140 4 14
140 5 14
140 6 14
140 7 14
140 8 14
140 9 14
140 10 14
140 11 14
140 12 14
140 13 14
140 14 14
140 15 14
140 16 14
140 17 14
140 18 14
140 19 14
141 0 14
141 1 14
141 2 14
141 3 14
141 4 14
141 5 14
141 6 14
141 7 14
141 8 14
141 9 14
141 10 14
141 11 14
141 12 14
141 13 14
141 14 14
141 15 14
141 16 14
141 17 14
141 18 14
141 19 14
142 0 14
142 1 14
142 2 14
142 3 14
142 4 14
142 5 14
142 6 14
142 7 14
142 8 14
142 9 14
142 10 14
142 11 14
142 12 14
142 13 14
142 14 14
142 15 14
142 16 14
142 17 14
142 18 14
142 19 14
143 0 14
143 1 14
143 2 14
143 3 14
143 4 14
143 5 14
143 6 14
143 7 14
143 8 14
143 9 14
143 10 14
143 11 14
143 12 14
143 13 14
143 14 14
143 15 14
143 16 14
143 17 14
143 18 14
143 19 14
144 0 14
144 1 14
144 2 14
144 3 14
144 4 14
144 5 14
144 6 14
144 7 14
144 8 14
144 9 14
144 10 14
144 11 14
144 12 14
144 13 14
144 14 14
144 15 14
144 16 14
144 17 14
144 18 14
144 19 14
145 0 14
145 1 14
145 2 14
145 3 14
145 4 14
145 5 14
145 6 14
145 7 14
145 8 14
145 9 14
145 10 14
145 11 14
145 12 14
145 13 14
145 14 14
145 15 14
145 16 14
145 17 14
145 18 14
145 19 14
146 0 14
146 1 14
146 2 14
146 3 14
146 4 14
146 5 14
146 6 14
146 7 14
146 8 14
146 9 14
146 10 14
146 11 14
146 12 14
146 13 14
146 14 14
146 15 14
146 16 14
146 17 14
146 18 14
146 19 14
147 0 14
147 1 14
147 2 14
147 3 14
147 4 14
147 5 14
147 6 14
147 7 14
147 8 14
147 9 14
147 10 14
147 11 14
147 12 14
147 13 14
147 14 14
147 15 14
147 16 14
147 17 14
147 18 14
147 19 14
148 0 14
148 1 14
148 2 14
148 3 14
148 4 14
148 5 14
148 6 14
148 7 14
148 8 14
148 9 14
148 10 14
148 11 14
148 12 14
148 13 14
148 14 14
148 15 14
148 16 14
148 17 14
148 18 14
148 19 14
149 0 14
149 1 14
149 2 14
149 3 14
149 4 14
149 5 14
149 6 14
149 7 14
149 8 14
149 9 14
149 10 14
149 11 14
149 12 14
149 13 14
149 14 14
149 15 14
149 16 14
149 17 14
149 18 14
149 19 14
150 0 15
150 1 15
150 2 15
150 3 15
150 4 15
150 5 15
150 6 15
150 7 15
150 8 15
150 9 15
150 10 15
150 11 15
150 12 15
150 13 15
150 14 15
150 15 15
150 16 15
150 17 15
150 18 15
150 19 15
151 0 15
151 1 15
151 2 15
151 3 15
151 4 15
151 5 15
151 6 15
151 7 15
151 8 15
151 9 15
151 10 15
151 11 15
151 12 15
151 13 15
151 14 15
151 15 15
151 16 15
151 17 15
151 18 15
151 19 15
152 0 15
152 1 15
152 2 15
152 3 15
152 4 15
152 5 15
152 6 15
152 7 15
152 8 15
152 9 15
152 10 15
152 11 15
152 12 15
152 13 15
152 14 15
152 15 15
152 16 15
152 17 15
152 18 15
152 19 15
153 0 15
153 1 15
153 2 15
153 3 15
153 4 15
153 5 15
153 6 15
153 7 15
153 8 15
153 9 15
153 10 15
153 11 15
153 12 15
153 13 15
153 14 15
153 15 15
153 16 15
153 17 15
153 18 15
153 19 15
154 0 15
154 1 15
154 2 15
154 3 15
154 4 15
154 5 15
154 6 15
154 7 15
154 8 15
154 9 15
154 10 15
154 11 15
154 12 15
154 13 15
154 14 15
154 15 15
154 16 15
154 17 15
154 18 15
154 19 15
155 0 15
155 1 15
155 2 15
155 3 15
155 4 15
155 5 15
155 6 15
155 7 15
155 8 15
155 9 15
155 10 15
155 11 15
155 12 15
155 13 15
155 14 15
155 15 15
155 16 15
155 17 15
155 18 15
155 19 15
156 0 15
156 1 15
156 2 15
156 3 15
156 4 15
156 5 15
156 6 15
156 7 15
156 8 15
156 9 15
156 10 15
156 11 15
156 12 15
156 13 15
156 14 15
156 15 15
156 16 15
156 17 15
156 18 15
156 19 15
157 0 15
157 1 15
157 2 15
157 3 15
157 4 15
157 5 15
157 6 15
157 7 15
157 8 15
157 9 15
157 10 15
157 11 15
157 12 15
157 13 15
157 14 15
157 15 15
157 16 15
157 17 15
157 18 15
157 19 15
158 0 15
158 1 15
158 2 15
158 3 15
158 4 15
158 5 15
158 6 15
158 7 15
158 8 15
158 9 15
158 10 15
158 11 15
158 12 15
158 13 15
158 14 15
158 15 15
158 16 15
158 17 15
158 18 15
158 19 15
159 0 15
159 1 15
159 2 15
159 3 15
159 4 15
159 5 15
159 6 15
159 7 15
159 8 15
159 9 15
159 10 15
159 11 15
159 12 15
159 13 15
159 14 15
159 15 15
159 16 15
159 17 15
159 18 15
159 19 15
160 0 16
160 1 16
160 2 16
160 3 16
160 4 16
160 5 16
160 6 16
160 7 16
160 8 16
160 9 16
160 10 16
160 11 16
160 12 16
160 13 16
160 14 16
160 15 16
160 16 16
160 17 16
160 18 16
160 19 16
161 0 16
161 1 16
161 2 16
161 3 16
161 4 16
161 5 16
161 6 16
161 7 16
161 8 16
161 9 16
161 10 16
161 11 16
161 12 16
161 13 16
161 14 16
161 15 16
161 16 16
161 17 16
161 18 16
161 19 16
162 0 16
162 1 16
162 2 16
162 3 16
162 4 16
162 5 16
162 6 16
162 7 16
162 8 16
162 9 16
162 10 16
162 11 16
162 12 16
162 13 16
162 14 16
162 15 16
162 16 16
162 17 16
162 18 16
162 19 16
163 0 16
163 1 16
163 2 16
163 3 16
163 4 16
163 5 16
163 6 16
163 7 16
163 8 16
163 9 16
163 10 16
163 11 16
163 12 16
163 13 16
163 14 16
163 15 16
163 16 16
163 17 16
163 18 16
163 19 16
164 0 16
164 1 16
164 2 16
164 3 16
164 4 16
164 5 16
164 6 16
164 7 16
164 8 16
164 9 16
164 10 16
164 11 16
164 12 16
164 13 16
164 14 16
164 15 16
164 16 16
164 17 16
164 18 16
164 19 16
165 0 16
165 1 16
165 2 16
165 3 16
165 4 16
165 5 16
165 6 16
165 7 16
165 8 16
165 9 16
165 10 16
165 11 16
165 12 16
165 13 16
165 14 16
165 15 16
165 16 16
165 17 16
165 18 16
165 19 16
166 0 16
166 1 16
166 2 16
166 3 16
166 4 16
166 5 16
166 6 16
166 7 16
166 8 16
166 9 16
166 10 16
166 11 16
166 12 16
166 13 16
166 14 16
166 15 16
166 16 16
166 17 16
166 18 16
166 19 16
167 0 16
167 1 16
167 2 16
167 3 16
167 4 16
167 5 16
167 6 16
167 7 16
167 8 16
167 9 16
167 10 16
167 11 16
167 12 16
167 13 16
167 14 16
167 15 16
167 16 16
167 17 16
167 18 16
167 19 16
168 0 16
168 1 16
168 2 16
168 3 16
168 4 16
168 5 16
168 6 16
168 7 16
168 8 16
168 9 16
168 10 16
168 11 16
168 12 16
168 13 16
168 14 16
168 15 16
168 16 16
168 17 16
168 18 16
168 19 16
169 0 16
169 1 16
169 2 16
169 3 16
169 4 16
169 5 16
169 6 16
169 7 16
169 8 16
169 9 16
169 10 16
169 11 16
169 12 16
169 13 16
169 14 16
169 15 16
169 16 16
169 17 16
169 18 16
169 19 16
170 0 17
170 1 17
170 2 17
170 3 17
170 4 17
170 5 17
170 6 17
170 7 17
170 8 17
170 9 17
170 10 17
170 11 17
170 12 17
170 13 17
170 14 17
170 15 17
170 16 17
170 17 17
170 18 17
170 19 17
171 0 17
171 1 17
171 2 17
171 3 17
171 4 17
171 5 17
171 6 17
171 7 17
171 8 17
171 9 17
171 10 17
171 11 17
171 12 17
171 13 17
171 14 17
171 15 17
171 16 17
171 17 17
171 18 17
171 19 17
172 0 17
172 1 17
172 2 17
172 3 17
172 4 17
172 5 17
172 6 17
172 7 17
172 8 17
172 9 17
172 10 17
172 11 17
172 12 17
172 13 17
172 14 17
172 15 17
172 16 17
172 17 17
172 18 17
172 19 17
173 0 17
173 1 17
173 2 17
173 3 17
173 4 17
173 5 17
173 6 17
173 7 17
173 8 17
173 9 17
173 10 17
173 11 17
173 12 17
173 13 17
173 14 17
173 15 17
173 16 17
173 17 17
173 18 17
173 19 17
174 0 17
174 1 17
174 2 17
174 3 17
174 4 17
174 5 17
174 6 17
174 7 17
174 8 17
174 9 17
174 10 17
174 11 17
174 12 17
174 13 17
174 14 17
174 15 17
174 16 17
174 17 17
174 18 17
174 19 17
175 0 17
175 1 17
175 2 17
175 3 17
175 4 17
175 5 17
175 6 17
175 7 17
175 8 17
175 9 17
175 10 17
175 11 17
175 12 17
175 13 17
175 14 17
175 15 17
175 16 17
175 17 17
175 18 17
175 19 17
176 0 17
176 1 17
176 2 17
176 3 17
176 4 17
176 5 17
176 6 17
176 7 17
176 8 17
176 9 17
176 10 17
176 11 17
176 12 17
176 13 17
176 14 17
176 15 17
176 16 17
176 17 17
176 18 17
176 19 17
177 0 17
177 1 17
177 2 17
177 3 17
177 4 17
177 5 17
177 6 17
177 7 17
177 8 17
177 9 17
177 10 17
177 11 17
177 12 17
177 13 17
177 14 17
177 15 17
177 16 17
177 17 17
177 18 17
177 19 17
178 0 17
178 1 17
178 2 17
178 3 17
178 4 17
178 5 17
178 6 17
178 7 17
178 8 17
178 9 17
178 10 17
178 11 17
178 12 17
178 13 17
178 14 17
178 15 17
178 16 17
178 17 17
178 18 17
178 19 17
179 0 17
179 1 17
179 2 17
179 3 17
179 4 17
179 5 17
179 6 17
179 7 17
179 8 17
179 9 17
179 10 17
179 11 17
179 12 17
179 13 17
179 14 17
179 15 17
179 16 17
179 17 17
179 18 17
179 19 17
180 0 18
180 1 18
180 2 18
180 3 18
180 4 18
180 5 18
180 6 18
180 7 18
180 8 18
180 9 18
180 10 18
180 11 18
180 12 18
180 13 18
180 14 18
180 15 18
180 16 18
180 17 18
180 18 18
180 19 18
181 0 18
181 1 18
181 2 18
181 3 18
181 4 18
181 5 18
181 6 18
181 7 18
181 8 18
181 9 18
181 10 18
181 11 18
181 12 18
181 13 18
181 14 18
181 15 18
181 16 18
181 17 18
181 18 18
181 19 18
182 0 18
182 1 18
182 2 18
182 3 18
182 4 18
182 5 18
182 6 18
182 7 18
182 8 18
182 9 18
182 10 18
182 11 18
182 12 18
182 13 18
182 14 18
182 15 18
182 16 18
182 17 18
182 18 18
182 19 18
183 0 18
183 1 18
183 2 18
183 3 18
183 4 18
183 5 18
183 6 18
183 7 18
183 8 18
183 9 18
183 10 18
183 11 18
183 12 18
183 13 18
183 14 18
183 15 18
183 16 18
183 17 18
183 18 18
183 19 18
184 0 18
184 1 18
184 2 18
184 3 18
184 4 18
184 5 18
184 6 18
184 7 18
184 8 18
184 9 18
184 10 18
184 11 18
184 12 18
184 13 18
184 14 18
184 15 18
184 16 18
184 17 18
184 18 18
184 19 18
185 0 18
185 1 18
185 2 18
185 3 18
185 4 18
185 5 18
185 6 18
185 7 18
185 8 18
185 9 18
185 10 18
185 11 18
185 12 18
185 13 18
185 14 18
185 15 18
185 16 18
185 17 18
185 18 18
185 19 18
186 0 18
186 1 18
186 2 18
186 3 18
186 4 18
186 5 18
186 6 18
186 7 18
186 8 18
186 9 18
186 10 18
186 11 18
186 12 18
186 13 18
186 14 18
186 15 18
186 16 18
186 17 18
186 18 18
186 19 18
187 0 18
187 1 18
187 2 18
187 3 18
187 4 18
187 5 18
187 6 18
187 7 18
187 8 18
187 9 18
187 10 18
187 11 18
187 12 18
187 13 18
187 14 18
187 15 18
187 16 18
187 17 18
187 18 18
187 19 18
188 0 18
188 1 18
188 2 18
188 3 18
188 4 18
188 5 18
188 6 18
188 7 18
188 8 18
188 9 18
188 10 18
188 11 18
188 12 18
188 13 18
188 14 18
188 15 18
188 16 18
188 17 18
188 18 18
188 19 18
189 0 18
189 1 18
189 2 18
189 3 18
189 4 18
189 5 18
189 6 18
189 7 18
189 8 18
189 9 18
189 10 18
189 11 18
189 12 18
189 13 18
189 14 18
189 15 18
189 16 18
189 17 18
189 18 18
189 19 18
190 0 19
190 1 19
190 2 19
190 3 19
190 4 19
190 5 19
190 6 19
190 7 19
190 8 19
190 9 19
190 10 19
190 11 19
190 12 19
190 13 19
190 14 19
190 15 19
190 16 19
190 17 19
190 18 19
190 19 19
191 0 19
191 1 19
191 2 19
191 3 19
191 4 19
191 5 19
191 6 19
191 7 19
191 8 19
191 9 19
191 10 19
191 11 19
191 12 19
191 13 19
191 14 19
191 15 19
191 16 19
191 17 19
191 18 19
191 19 19
192 0 19
192 1 19
192 2 19
192 3 19
192 4 19
192 5 19
192 6 19
192 7 19
192 8 19
192 9 19
192 10 19
192 11 19
192 12 19
192 13 19
192 14 19
192 15 19
192 16 19
192 17 19
192 18 19
192 19 19
193 0 19
193 1 19
193 2 19
193 3 19
193 4 19
193 5 19
193 6 19
193 7 19
193 8 19
193 9 19
193 10 19
193 11 19
193 12 19
193 13 19
193 14 19
193 15 19
193 16 19
193 17 19
193 18 19
193 19 19
194 0 19
194 1 19
194 2 19
194 3 19
194 4 19
194 5 19
194 6 19
194 7 19
194 8 19
194 9 19
194 10 19
194 11 19
194 12 19
194 13 19
194 14 19
194 15 19
194 16 19
194 17 19
194 18 19
194 19 19
195 0 19
195 1 19
195 2 19
195 3 19
195 4 19
195 5 19
195 6 19
195 7 19
195 8 19
195 9 19
195 10 19
195 11 19
195 12 19
195 13 19
195 14 19
195 15 19
195 16 19
195 17 19
195 18 19
195 19 19
196 0 19
196 1 19
196 2 19
196 3 19
196 4 19
196 5 19
196 6 19
196 7 19
196 8 19
196 9 19
196 10 19
196 11 19
196 12 19
196 13 19
196 14 19
196 15 19
196 16 19
196 17 19
196 18 19
196 19 19
197 0 19
197 1 19
197 2 19
197 3 19
197 4 19
197 5 19
197 6 19
197 7 19
197 8 19
197 9 19
197 10 19
197 11 19
197 12 19
197 13 19
197 14 19
197 15 19
197 16 19
197 17 19
197 18 19
197 19 19
198 0 19
198 1 19
198 2 19
198 3 19
198 4 19
198 5 19
198 6 19
198 7 19
198 8 19
198 9 19
198 10 19
198 11 19
198 12 19
198 13 19
198 14 19
198 15 19
198 16 19
198 17 19
198 18 19
198 19 19
199 0 19
199 1 19
199 2 19
199 3 19
199 4 19
199 5 19
199 6 19
199 7 19
199 8 19
199 9 19
199 10 19
199 11 19
199 12 19
199 13 19
199 14 19
199 15 19
199 16 19
199 17 19
199 18 19
199 19 19
200 0 20
200 1 20
200 2 20
200 3 20
200 4 20
200 5 20
200 6 20
200 7 20
200 8 20
200 9 20
200 10 20
200 11 20
200 12 20
200 13 20
200 14 20
200 15 20
200 16 20
200 17 20
200 18 20
200 19 20
201 0 20
201 1 20
201 2 20
201 3 20
201 4 20
201 5 20
201 6 20
201 7 20
201 8 20
201 9 20
201 10 20
201 11 20
201 12 20
201 13 20
201 14 20
201 15 20
201 16 20
201 17 20
201 18 20
201 19 20
202 0 20
202 1 20
202 2 20
202 3 20
202 4 20
202 5 20
202 6 20
202 7 20
202 8 20
202 9 20
202 10 20
202 11 20
202 12 20
202 13 20
202 14 20
202 15 20
202 16 20
202 17 20
202 18 20
202 19 20
203 0 20
203 1 20
203 2 20
203 3 20
203 4 20
203 5 20
203 6 20
203 7 20
203 8 20
203 9 20
203 10 20
203 11 20
203 12 20
203 13 20
203 14 20
203 15 20
203 16 20
203 17 20
203 18 20
203 19 20
204 0 20
204 1 20
204 2 20
204 3 20
204 4 20
204 5 20
204 6 20
204 7 20
204 8 20
204 9 20
204 10 20
204 11 20
204 12 20
204 13 20
204 14 20
204 15 20
204 16 20
204 17 20
204 18 20
204 19 20
205 0 20
205 1 20
205 2 20
205 3 20
205 4 20
205 5 20
205 6 20
205 7 20
205 8 20
205 9 20
205 10 20
205 11 20
205 12 20
205 13 20
205 14 20
205 15 20
205 16 20
205 17 20
205 18 20
205 19 20
206 0 20
206 1 20
206 2 20
206 3 20
206 4 20
206 5 20
206 6 20
206 7 20
206 8 20
206 9 20
206 10 20
206 11 20
206 12 20
206 13 20
206 14 20
206 15 20
206 16 20
206 17 20
206 18 20
206 19 20
207 0 20
207 1 20
207 2 20
207 3 20
207 4 20
207 5 20
207 6 20
207 7 20
207 8 20
207 9 20
207 10 20
207 11 20
207 12 20
207 13 20
207 14 20
207 15 20
207 16 20
207 17 20
207 18 20
207 19 20
208 0 20
208 1 20
208 2 20
208 3 20
208 4 20
208 5 20
208 6 20
208 7 20
208 8 20
208 9 20
208 10 20
208 11 20
208 12 20
208 13 20
208 14 20
208 15 20
208 16 20
208 17 20
208 18 20
208 19 20
209 0 20
209 1 20
209 2 20
209 3 20
209 4 20
209 5 20
209 6 20
209 7 20
209 8 20
209 9 20
209 10 20
209 11 20
209 12 20
209 13 20
209 14 20
209 15 20
209 16 20
209 17 20
209 18 20
209 19 20
210 0 21
210 1 21
210 2 21
210 3 21
210 4 21
210 5 21
210 6 21
210 7 21
210 8 21
210 9 21
210 10 21
210 11 21
210 12 21
210 13 21
210 14 21
210 15 21
210 16 21
210 17 21
210 18 21
210 19 21
211 0 21
211 1 21
211 2 21
211 3 21
211 4 21
211 5 21
211 6 21
211 7 21
211 8 21
211 9 21
211 10 21
211 11 21
211 12 21
211 13 21
211 14 21
211 15 21
211 16 21
211 17 21
211 18 21
211 19 21
212 0 21
212 1 21
212 2 21
212 3 21
212 4 21
212 5 21
212 6 21
212 7 21
212 8 21
212 9 21
212 10 21
212 11 21
212 12 21
212 13 21
212 14 21
212 15 21
212 16 21
212 17 21
212 18 21
212 19 21
213 0 21
213 1 21
213 2 21
213 3 21
213 4 21
213 5 21
213 6 21
213 7 21
213 8 21
213 9 21
213 10 21
213 11 21
213 12 21
213 13 21
213 14 21
213 15 21
213 16 21
213 17 21
213 18 21
213 19 21
214 0 21
214 1 21
214 2 21
214 3 21
214 4 21
214 5 21
214 6 21
214 7 21
214 8 21
214 9 21
214 10 21
214 11 21
214 12 21
214 13 21
214 14 21
214 15 21
214 16 21
214 17 21
214 18 21
214 19 21
215 0 21
215 1 21
215 2 21
215 3 21
215 4 21
215 5 21
215 6 21
215 7 21
215 8 21
215 9 21
215 10 21
215 11 21
215 12 21
215 13 21
215 14 21
215 15 21
215 16 21
215 17 21
215 18 21
215 19 21
216 0 21
216 1 21
216 2 21
216 3 21
216 4 21
216 5 21
216 6 21
216 7 21
216 8 21
216 9 21
216 10 21
216 11 21
216 12 21
216 13 21
216 14 21
216 15 21
216 16 21
216 17 21
216 18 21
216 19 21
217 0 21
217 1 21
217 2 21
217 3 21
217 4 21
217 5 21
217 6 21
217 7 21
217 8 21
217 9 21
217 10 21
217 11 21
217 12 21
217 13 21
217 14 21
217 15 21
217 16 21
217 17 21
217 18 21
217 19 21
218 0 21
218 1 21
218 2 21
218 3 21
218 4 21
218 5 21
218 6 21
218 7 21
218 8 21
218 9 21
218 10 21
218 11 21
218 12 21
218 13 21
218 14 21
218 15 21
218 16 21
218 17 21
218 18 21
218 19 21
219 0 21
219 1 21
219 2 21
219 3 21
219 4 21
219 5 21
219 6 21
219 7 21
219 8 21
219 9 21
219 10 21
219 11 21
219 12 21
219 13 21
219 14 21
219 15 21
219 16 21
219 17 21
219 18 21
219 19 21
220 0 22
220 1 22
220 2 22
220 3 22
220 4 22
220 5 22
220 6 22
220 7 22
220 8 22
220 9 22
220 10 22
220 11 22
220 12 22
220 13 22
220 14 22
220 15 22
220 16 22
220 17 22
220 18 22
220 19 22
221 0 22
221 1 22
221 2 22
221 3 22
221 4 22
221 5 22
221 6 22
221 7 22
221 8 22
221 9 22
221 10 22
221 11 22
221 12 22
221 13 22
221 14 22
221 15 22
221 16 22
221 17 22
221 18 22
221 19 22
222 0 22
222 1 22
222 2 22
222 3 22
222 4 22
222 5 22
222 6 22
222 7 22
222 8 22
222 9 22
222 10 22
222 11 22
222 12 22
222 13 22
222 14 22
222 15 22
222 16 22
222 17 22
222 18 22
222 19 22
223 0 22
223 1 22
223 2 22
223 3 22
223 4 22
223 5 22
223 6 22
223 7 22
223 8 22
223 9 22
223 10 22
223 11 22
223 12 22
223 13 22
223 14 22
223 15 22
223 16 22
223 17 22
223 18 22
223 19 22
224 0 22
224 1 22
224 2 22
224 3 22
224 4 22
224 5 22
224 6 22
224 7 22
224 8 22
224 9 22
224 10 22
224 11 22
224 12 22
224 13 22
224 14 22
224 15 22
224 16 22
224 17 22
224 18 22
224 19 22
225 0 22
225 1 22
225 2 22
225 3 22
225 4 22
225 5 22
225 6 22
225 7 22
225 8 22
225 9 22
225 10 22
225 11 22
225 12 22
225 13 22
225 14 22
225 15 22
225 16 22
225 17 22
225 18 22
225 19 22
226 0 22
226 1 22
226 2 22
226 3 22
226 4 22
226 5 22
226 6 22
226 7 22
226 8 22
226 9 22
226 10 22
226 11 22
226 12 22
226 13 22
226 14 22
226 15 22
226 16 22
226 17 22
226 18 22
226 19 22
227 0 22
227 1 22
227 2 22
227 3 22
227 4 22
227 5 22
227 6 22
227 7 22
227 8 22
227 9 22
227 10 22
227 11 22
227 12 22
227 13 22
227 14 22
227 15 22
227 16 22
227 17 22
227 18 22
227 19 22
228 0 22
228 1 22
228 2 22
228 3 22
228 4 22
228 5 22
228 6 22
228 7 22
228 8 22
228 9 22
228 10 22
228 11 22
228 12 22
228 13 22
228 14 22
228 15 22
228 16 22
228 17 22
228 18 22
228 19 22
229 0 22
229 1 22
229 2 22
229 3 22
229 4 22
229 5 22
229 6 22
229 7 22
229 8 22
229 9 22
229 10 22
229 11 22
229 12 22
229 13 22
229 14 22
229 15 22
229 16 22
229 17 22
229 18 22
229 19 22
230 0 23
230 1 23
230 2 23
230 3 23
230 4 23
230 5 23
230 6 23
230 7 23
230 8 23
230 9 23
230 10 23
230 11 23
230 12 23
230 13 23
230 14 23
230 15 23
230 16 23
230 17 23
230 18 23
230 19 23
231 0 23
231 1 23
231 2 23
231 3 23
231 4 23
231 5 23
231 6 23
231 7 23
231 8 23
231 9 23
231 10 23
231 11 23
231 12 23
231 13 23
231 14 23
231 15 23
231 16 23
231 17 23
231 18 23
231 19 23
232 0 23
232 1 23
232 2 23
232 3 23
232 4 23
232 5 23
232 6 23
232 7 23
232 8 23
232 9 23
232 10 23
232 11 23
232 12 23
232 13 23
232 14 23
232 15 23
232 16 23
232 17 23
232 18 23
232 19 23
233 0 23
233 1 23
233 2 23
233 3 23
233 4 23
233 5 23
233 6 23
233 7 23
233 8 23
233 9 23
233 10 23
233 11 23
233 12 23
233 13 23
233 14 23
233 15 23
233 16 23
233 17 23
233 18 23
233 19 23
234 0 23
234 1 23
234 2 23
234 3 23
234 4 23
234 5 23
234 6 23
234 7 23
234 8 23
234 9 23
234 10 23
234 11 23
234 12 23
234 13 23
234 14 23
234 15 23
234 16 23
234 17 23
234 18 23
234 19 23
235 0 23
235 1 23
235 2 23
235 3 23
235 4 23
235 5 23
235 6 23
235 7 23
235 8 23
235 9 23
235 10 23
235 11 23
235 12 23
235 13 23
235 14 23
235 15 23
235 16 23
235 17 23
235 18 23
235 19 23
236 0 23
236 1 23
236 2 23
236 3 23
236 4 23
236 5 23
236 6 23
236 7 23
236 8 23
236 9 23
236 10 23
236 11 23
236 12 23
236 13 23
236 14 23
236 15 23
236 16 23
236 17 23
236 18 23
236 19 23
237 0 23
237 1 23
237 2 23
237 3 23
237 4 23
237 5 23
237 6 23
237 7 23
237 8 23
237 9 23
237 10 23
237 11 23
237 12 23
237 13 23
237 14 23
237 15 23
237 16 23
237 17 23
237 18 23
237 19 23
238 0 23
238 1 23
238 2 23
238 3 23
238 4 23
238 5 23
238 6 23
238 7 23
238 8 23
238 9 23
238 10 23
238 11 23
238 12 23
238 13 23
238 14 23
238 15 23
238 16 23
238 17 23
238 18 23
238 19 23
239 0 23
239 1 23
239 2 23
239 3 23
239 4 23
239 5 23
239 6 23
239 7 23
239 8 23
239 9 23
239 10 23
239 11 23
239 12 23
239 13 23
239 14 23
239 15 23
239 16 23
239 17 23
239 18 23
239 19 23
240 0 24
240 1 24
240 2 24
240 3 24
240 4 24
240 5 24
240 6 24
240 7 24
240 8 24
240 9 24
240 10 24
240 11 24
240 12 24
240 13 24
240 14 24
240 15 24
240 16 24
240 17 24
240 18 24
240 19 24
241 0 24
241 1 24
241 2 24
241 3 24
241 4 24
241 5 24
241 6 24
241 7 24
241 8 24
241 9 24
241 10 24
241 11 24
241 12 24
241 13 24
241 14 24
241 15 24
241 16 24
241 17 24
241 18 24
241 19 24
242 0 24
242 1 24
242 2 24
242 3 24
242 4 24
242 5 24
242 6 24
242 7 24
242 8 24
242 9 24
242 10 24
242 11 24
242 12 24
242 13 24
242 14 24
242 15 24
242 16 24
242 17 24
242 18 24
242 19 24
243 0 24
243 1 24
243 2 24
243 3 24
243 4 24
243 5 24
243 6 24
243 7 24
243 8 24
243 9 24
243 10 24
243 11 24
243 12 24
243 13 24
243 14 24
243 15 24
243 16 24
243 17 24
243 18 24
243 19 24
244 0 24
244 1 24
244 2 24
244 3 24
244 4 24
244 5 24
244 6 24
244 7 24
244 8 24
244 9 24
244 10 24
244 11 24
244 12 24
244 13 24
244 14 24
244 15 24
244 16 24
244 17 24
244 18 24
244 19 24
245 0 24
245 1 24
245 2 24
245 3 24
245 4 24
245 5 24
245 6 24
245 7 24
245 8 24
245 9 24
245 10 24
245 11 24
245 12 24
245 13 24
245 14 24
245 15 24
245 16 24
245 17 24
245 18 24
245 19 24
246 0 24
246 1 24
246 2 24
246 3 24
246 4 24
246 5 24
246 6 24
246 7 24
246 8 24
246 9 24
246 10 24
246 11 24
246 12 24
246 13 24
246 14 24
246 15 24
246 16 24
246 17 24
246 18 24
246 19 24
247 0 24
247 1 24
247 2 24
247 3 24
247 4 24
247 5 24
247 6 24
247 7 24
247 8 24
247 9 24
247 10 24
247 11 24
247 12 24
247 13 24
247 14 24
247 15 24
247 16 24
247 17 24
247 18 24
247 19 24
248 0 24
248 1 24
248 2 24
248 3 24
248 4 24
248 5 24
248 6 24
248 7 24
248 8 24
248 9 24
248 10 24
248 11 24
248 12 24
248 13 24
248 14 24
248 15 24
248 16 24
248 17 24
248 18 24
248 19 24
249 0 24
249 1 24
249 2 24
249 3 24
249 4 24
249 5 24
249 6 24
249 7 24
249 8 24
249 9 24
249 10 24
249 11 24
249 12 24
249 13 24
249 14 24
249 15 24
249 16 24
249 17 24
249 18 24
249 19 24
250 0 25
250 1 25
250 2 25
250 3 25
250 4 25
250 5 25
250 6 25
250 7 25
250 8 25
250 9 25
250 10 25
250 11 25
250 12 25
250 13 25
250 14 25
250 15 25
250 16 25
250 17 25
250 18 25
250 19 25
251 0 25
251 1 25
251 2 25
251 3 25
251 4 25
251 5 25
251 6 25
251 7 25
251 8 25
251 9 25
251 10 25
251 11 25
251 12 25
251 13 25
251 14 25
251 15 25
251 16 25
251 17 25
251 18 25
251 19 25
252 0 25
252 1 25
252 2 25
252 3 25
252 4 25
252 5 25
252 6 25
252 7 25
252 8 25
252 9 25
252 10 25
252 11 25
252 12 25
252 13 25
252 14 25
252 15 25
252 16 25
252 17 25
252 18 25
252 19 25
253 0 25
253 1 25
253 2 25
253 3 25
253 4 25
253 5 25
253 6 25
253 7 25
253 8 25
253 9 25
253 10 25
253 11 25
253 12 25
253 13 25
253 14 25
253 15 25
253 16 25
253 17 25
253 18 25
253 19 25
254 0 25
254 1 25
254 2 25
254 3 25
254 4 25
254 5 25
254 6 25
254 7 25
254 8 25
254 9 25
254 10 25
254 11 25
254 12 25
254 13 25
254 14 25
254 15 25
254 16 25
254 17 25
254 18 25
254 19 25
255 0 25
255 1 25
255 2 25
255 3 25
255 4 25
255 5 25
255 6 25
255 7 25
255 8 25
255 9 25
255 10 25
255 11 25
255 12 25
255 13 25
255 14 25
255 15 25
255 16 25
255 17 25
255 18 25
255 19 25
256 0 25
256 1 25
256 2 25
256 3 25
256 4 25
256 5 25
256 6 25
256 7 25
256 8 25
256 9 25
256 10 25
256 11 25
256 12 25
256 13 25
256 14 25
256 15 25
256 16 25
256 17 25
256 18 25
256 19 25
257 0 25
257 1 25
257 2 25
257 3 25
257 4 25
257 5 25
257 6 25
257 7 25
257 8 25
257 9 25
257 10 25
257 11 25
257 12 25
257 13 25
257 14 25
257 15 25
257 16 25
257 17 25
257 18 25
257 19 25
258 0 25
258 1 25
258 2 25
258 3 25
258 4 25
258 5 25
258 6 25
258 7 25
258 8 25
258 9 25
258 10 25
258 11 25
258 12 25
258 13 25
258 14 25
258 15 25
258 16 25
258 17 25
258 18 25
258 19 25
259 0 25
259 1 25
259 2 25
259 3 25
259 4 25
259 5 25
259 6 25
259 7 25
259 8 25
259 9 25
259 10 25
259 11 25
259 12 25
259 13 25
259 14 25
259 15 25
259 16 25
259 17 25
259 18 25
259 19 25
260 0 26
260 1 26
260 2 26
260 3 26
260 4 26
260 5 26
260 6 26
260 7 26
260 8 26
260 9 26
260 10 26
260 11 26
260 12 26
260 13 26
260 14 26
260 15 26
260 16 26
260 17 26
260 18 26
260 19 26
261 0 26
261 1 26
261 2 26
261 3 26
261 4 26
261 5 26
261 6 26
261 7 26
261 8 26
261 9 26
261 10 26
261 11 26
261 12 26
261 13 26
261 14 26
261 15 26
261 16 26
261 17 26
261 18 26
261 19 26
262 0 26
262 1 26
262 2 26
262 3 26
262 4 26
262 5 26
262 6 26
262 7 26
262 8 26
262 9 26
262 10 26
262 11 26
262 12 26
262 13 26
262 14 26
262 15 26
262 16 26
262 17 26
262 18 26
262 19 26
263 0 26
263 1 26
263 2 26
263 3 26
263 4 26
263 5 26
263 6 26
263 7 26
263 8 26
263 9 26
263 10 26
263 11 26
263 12 26
263 13 26
263 14 26
263 15 26
263 16 26
263 17 26
263 18 26
263 19 26
264 0 26
264 1 26
264 2 26
264 3 26
264 4 26
264 5 26
264 6 26
264 7 26
264 8 26
264 9 26
264 10 26
264 11 26
264 12 26
264 13 26
264 14 26
264 15 26
264 16 26
264 17 26
264 18 26
264 19 26
265 0 26
265 1 26
265 2 26
265 3 26
265 4 26
265 5 26
265 6 26
265 7 26
265 8 26
265 9 26
265 10 26
265 11 26
265 12 26
265 13 26
265 14 26
265 15 26
265 16 26
265 17 26
265 18 26
265 19 26
266 0 26
266 1 26
266 2 26
266 3 26
266 4 26
266 5 26
266 6 26
266 7 26
266 8 26
266 9 26
266 10 26
266 11 26
266 12 26
266 13 26
266 14 26
266 15 26
266 16 26
266 17 26
266 18 26
266 19 26
267 0 26
267 1 26
267 2 26
267 3 26
267 4 26
267 5 26
267 6 26
267 7 26
267 8 26
267 9 26
267 10 26
267 11 26
267 12 26
267 13 26
267 14 26
267 15 26
267 16 26
267 17 26
267 18 26
267 19 26
268 0 26
268 1 26
268 2 26
268 3 26
268 4 26
268 5 26
268 6 26
268 7 26
268 8 26
268 9 26
268 10 26
268 11 26
268 12 26
268 13 26
268 14 26
268 15 26
268 16 26
268 17 26
268 18 26
268 19 26
269 0 26
269 1 26
269 2 26
269 3 26
269 4 26
269 5 26
269 6 26
269 7 26
269 8 26
269 9 26
269 10 26
269 11 26
269 12 26
269 13 26
269 14 26
269 15 26
269 16 26
269 17 26
269 18 26
269 19 26
270 0 27
270 1 27
270 2 27
270 3 27
270 4 27
270 5 27
270 6 27
270 7 27
270 8 27
270 9 27
270 10 27
270 11 27
270 12 27
270 13 27
270 14 27
270 15 27
270 16 27
270 17 27
270 18 27
270 19 27
271 0 27
271 1 27
271 2 27
271 3 27
271 4 27
271 5 27
271 6 27
271 7 27
271 8 27
271 9 27
271 10 27
271 11 27
271 12 27
271 13 27
271 14 27
271 15 27
271 16 27
271 17 27
271 18 27
271 19 27
272 0 27
272 1 27
272 2 27
272 3 27
272 4 27
272 5 27
272 6 27
272 7 27
272 8 27
272 9 27
272 10 27
272 11 27
272 12 27
272 13 27
272 14 27
272 15 27
272 16 27
272 17 27
272 18 27
272 19 27
273 0 27
273 1 27
273 2 27
273 3 27
273 4 27
273 5 27
273 6 27
273 7 27
273 8 27
273 9 27
273 10 27
273 11 27
273 12 27
273 13 27
273 14 27
273 15 27
273 16 27
273 17 27
273 18 27
273 19 27
274 0 27
274 1 27
274 2 27
274 3 27
274 4 27
274 5 27
274 6 27
274 7 27
274 8 27
274 9 27
274 10 27
274 11 27
274 12 27
274 13 27
274 14 27
274 15 27
274 16 27
274 17 27
274 18 27
274 19 27
275 0 27
275 1 27
275 2 27
275 3 27
275 4 27
275 5 27
275 6 27
275 7 27
275 8 27
275 9 27
275 10 27
275 11 27
275 12 27
275 13 27
275 14 27
275 15 27
275 16 27
275 17 27
275 18 27
275 19 27
276 0 27
276 1 27
276 2 27
276 3 27
276 4 27
276 5 27
276 6 27
276 7 27
276 8 27
276 9 27
276 10 27
276 11 27
276 12 27
276 13 27
276 14 27
276 15 27
276 16 27
276 17 27
276 18 27
276 19 27
277 0 27
277 1 27
277 2 27
277 3 27
277 4 27
277 5 27
277 6 27
277 7 27
277 8 27
277 9 27
277 10 27
277 11 27
277 12 27
277 13 27
277 14 27
277 15 27
277 16 27
277 17 27
277 18 27
277 19 27
278 0 27
278 1 27
278 2 27
278 3 27
278 4 27
278 5 27
278 6 27
278 7 27
278 8 27
278 9 27
278 10 27
278 11 27
278 12 27
278 13 27
278 14 27
278 15 27
278 16 27
278 17 27
278 18 27
278 19 27
279 0 27
279 1 27
279 2 27
279 3 27
279 4 27
279 5 27
279 6 27
279 7 27
279 8 27
279 9 27
279 10 27
279 11 27
279 12 27
279 13 27
279 14 27
279 15 27
279 16 27
279 17 27
279 18 27
279 19 27
280 0 28
280 1 28
280 2 28
280 3 28
280 4 28
280 5 28
280 6 28
280 7 28
280 8 28
280 9 28
280 10 28
280 11 28
280 12 28
280 13 28
280 14 28
280 15 28
280 16 28
280 17 28
280 18 28
280 19 28
281 0 28
281 1 28
281 2 28
281 3 28
281 4 28
281 5 28
281 6 28
281 7 28
281 8 28
281 9 28
281 10 28
281 11 28
281 12 28
281 13 28
281 14 28
281 15 28
281 16 28
281 17 28
281 18 28
281 19 28
282 0 28
282 1 28
282 2 28
282 3 28
282 4 28
282 5 28
282 6 28
282 7 28
282 8 28
282 9 28
282 10 28
282 11 28
282 12 28
282 13 28
282 14 28
282 15 28
282 16 28
282 17 28
282 18 28
282 19 28
283 0 28
283 1 28
283 2 28
283 3 28
283 4 28
283 5 28
283 6 28
283 7 28
283 8 28
283 9 28
283 10 28
283 11 28
283 12 28
283 13 28
283 14 28
283 15 28
283 16 28
283 17 28
283 18 28
283 19 28
284 0 28
284 1 28
284 2 28
284 3 28
284 4 28
284 5 28
284 6 28
284 7 28
284 8 28
284 9 28
284 10 28
284 11 28
284 12 28
284 13 28
284 14 28
284 15 28
284 16 28
284 17 28
284 18 28
284 19 28
285 0 28
285 1 28
285 2 28
285 3 28
285 4 28
285 5 28
285 6 28
285 7 28
285 8 28
285 9 28
285 10 28
285 11 28
285 12 28
285 13 28
285 14 28
285 15 28
285 16 28
285 17 28
285 18 28
285 19 28
286 0 28
286 1 28
286 2 28
286 3 28
286 4 28
286 5 28
286 6 28
286 7 28
286 8 28
286 9 28
286 10 28
286 11 28
286 12 28
286 13 28
286 14 28
286 15 28
286 16 28
286 17 28
286 18 28
286 19 28
287 0 28
287 1 28
287 2 28
287 3 28
287 4 28
287 5 28
287 6 28
287 7 28
287 8 28
287 9 28
287 10 28
287 11 28
287 12 28
287 13 28
287 14 28
287 15 28
287 16 28
287 17 28
287 18 28
287 19 28
288 0 28
288 1 28
288 2 28
288 3 28
288 4 28
288 5 28
288 6 28
288 7 28
288 8 28
288 9 28
288 10 28
288 11 28
288 12 28
288 13 28
288 14 28
288 15 28
288 16 28
288 17 28
288 18 28
288 19 28
289 0 28
289 1 28
289 2 28
289 3 28
289 4 28
289 5 28
289 6 28
289 7 28
289 8 28
289 9 28
289 10 28
289 11 28
289 12 28
289 13 28
289 14 28
289 15 28
289 16 28
289 17 28
289 18 28
289 19 28
290 0 29
290 1 29
290 2 29
290 3 29
290 4 29
290 5 29
290 6 29
290 7 29
290 8 29
290 9 29
290 10 29
290 11 29
290 12 29
290 13 29
290 14 29
290 15 29
290 16 29
290 17 29
290 18 29
290 19 29
291 0 29
291 1 29
291 2 29
291 3 29
291 4 29
291 5 29
291 6 29
291 7 29
291 8 29
291 9 29
291 10 29
291 11 29
291 12 29
291 13 29
291 14 29
291 15 29
291 16 29
291 17 29
291 18 29
291 19 29
292 0 29
292 1 29
292 2 29
292 3 29
292 4 29
292 5 29
292 6 29
292 7 29
292 8 29
292 9 29
292 10 29
292 11 29
292 12 29
292 13 29
292 14 29
292 15 29
292 16 29
292 17 29
292 18 29
292 19 29
293 0 29
293 1 29
293 2 29
293 3 29
293 4 29
293 5 29
293 6 29
293 7 29
293 8 29
293 9 29
293 10 29
293 11 29
293 12 29
293 13 29
293 14 29
293 15 29
293 16 29
293 17 29
293 18 29
293 19 29
294 0 29
294 1 29
294 2 29
294 3 29
294 4 29
294 5 29
294 6 29
294 7 29
294 8 29
294 9 29
294 10 29
294 11 29
294 12 29
294 13 29
294 14 29
294 15 29
294 16 29
294 17 29
294 18 29
294 19 29
295 0 29
295 1 29
295 2 29
295 3 29
295 4 29
295 5 29
295 6 29
295 7 29
295 8 29
295 9 29
295 10 29
295 11 29
295 12 29
295 13 29
295 14 29
295 15 29
295 16 29
295 17 29
295 18 29
295 19 29
296 0 29
296 1 29
296 2 29
296 3 29
296 4 29
296 5 29
296 6 29
296 7 29
296 8 29
296 9 29
296 10 29
296 11 29
296 12 29
296 13 29
296 14 29
296 15 29
296 16 29
296 17 29
296 18 29
296 19 29
297 0 29
297 1 29
297 2 29
297 3 29
297 4 29
297 5 29
297 6 29
297 7 29
297 8 29
297 9 29
297 10 29
297 11 29
297 12 29
297 13 29
297 14 29
297 15 29
297 16 29
297 17 29
297 18 29
297 19 29
298 0 29
298 1 29
298 2 29
298 3 29
298 4 29
298 5 29
298 6 29
298 7 29
298 8 29
298 9 29
298 10 29
298 11 29
298 12 29
298 13 29
298 14 29
298 15 29
298 16 29
298 17 29
298 18 29
298 19 29
299 0 29
299 1 29
299 2 29
299 3 29
299 4 29
299 5 29
299 6 29
299 7 29
299 8 29
299 9 29
299 10 29
299 11 29
299 12 29
299 13 29
299 14 29
299 15 29
299 16 29
299 17 29
299 18 29
299 19 29
