0 0 0
0 1 0
0 2 0
0 3 0
0 4 0
1 0 0
1 1 0
1 2 0
1 3 0
1 4 0
2 0 0
2 1 0
2 2 0
2 3 0
2 4 0
3 0 0
3 1 0
3 2 0
3 3 0
3 4 0
4 0 0
4 1 0
4 2 0
4 3 0
4 4 0
5 0 0
5 1 0
5 2 0
5 3 0
5 4 0
6 0 0
6 1 0
6 2 0
6 3 0
6 4 0
7 0 0
7 1 0
7 2 0
7 3 0
7 4 0
8 0 0
8 1 0
8 2 0
8 3 0
8 4 0
9 0 0
9 1 0
9 2 0
9 3 0
9 4 0
10 0 1
10 1 1
10 2 1
10 3 1
10 4 1
11 0 1
11 1 1
11 2 1
11 3 1
11 4 1
12 0 1
12 1 1
12 2 1
12 3 1
12 4 1
13 0 1
13 1 1
13 2 1
13 3 1
13 4 1
14 0 1
14 1 1
14 2 1
14 3 1
14 4 1
15 0 1
15 1 1
15 2 1
15 3 1
15 4 1
16 0 1
16 1 1
16 2 1
16 3 1
16 4 1
17 0 1
17 1 1
17 2 1
17 3 1
17 4 1
18 0 1
18 1 1
18 2 1
18 3 1
18 4 1
19 0 1
19 1 1
19 2 1
19 3 1
19 4 1
20 0 2
20 1 2
20 2 2
20 3 2
20 4 2
21 0 2
21 1 2
21 2 2
21 3 2
21 4 2
22 0 2
22 1 2
22 2 2
22 3 2
22 4 2
23 0 2
23 1 2
23 2 2
23 3 2
23 4 2
24 0 2
24 1 2
24 2 2
24 3 2
24 4 2
25 0 2
25 1 2
25 2 2
25 3 2
25 4 2
26 0 2
26 1 2
26 2 2
26 3 2
26 4 2
27 0 2
27 1 2
27 2 2
27 3 2
27 4 2
28 0 2
28 1 2
28 2 2
28 3 2
28 4 2
29 0 2
29 1 2
29 2 2
29 3 2
29 4 2
30 0 3
30 1 3
30 2 3
30 3 3
30 4 3
31 0 3
31 1 3
31 2 3
31 3 3
31 4 3
32 0 3
32 1 3
32 2 3
32 3 3
32 4 3
33 0 3
33 1 3
33 2 3
33 3 3
33 4 3
34 0 3
34 1 3
34 2 3
34 3 3
34 4 3
35 0 3
35 1 3
35 2 3
35 3 3
35 4 3
36 0 3
36 1 3
36 2 3
36 3 3
36 4 3
37 0 3
37 1 3
37 2 3
37 3 3
37 4 3
38 0 3
38 1 3
38 2 3
38 3 3
38 4 3
39 0 3
39 1 3
39 2 3
39 3 3
39 4 3
40 0 4
40 1 4
40 2 4
40 3 4
40 4 4
41 0 4
41 1 4
41 2 4
41 3 4
41 4 4
42 0 4
42 1 4
42 2 4
42 3 4
42 4 4
43 0 4
43 1 4
43 2 4
43 3 4
43 4 4
44 0 4
44 1 4
44 2 4
44 3 4
44 4 4
45 0 4
45 1 4
45 2 4
45 3 4
45 4 4
46 0 4
46 1 4
46 2 4
46 3 4
46 4 4
47 0 4
47 1 4
47 2 4
47 3 4
47 4 4
48 0 4
48 1 4
48 2 4
48 3 4
48 4 4
49 0 4
49 1 4
49 2 4
49 3 4
49 4 4
50 0 5
50 1 5
50 2 5
50 3 5
50 4 5
51 0 5
51 1 5
51 2 5
51 3 5
51 4 5
52 0 5
52 1 5
52 2 5
52 3 5
52 4 5
53 0 5
53 1 5
53 2 5
53 3 5
53 4 5
54 0 5
54 1 5
54 2 5
54 3 5
54 4 5
55 0 5
55 1 5
55 2 5
55 3 5
55 4 5
56 0 5
56 1 5
56 2 5
56 3 5
56 4 5
57 0 5
57 1 5
57 2 5
57 3 5
57 4 5
58 0 5
58 1 5
58 2 5
58 3 5
58 4 5
59 0 5
59 1 5
59 2 5
59 3 5
59 4 5
60 0 6
60 1 6
60 2 6
60 3 6
60 4 6
61 0 6
61 1 6
61 2 6
61 3 6
61 4 6
62 0 6
62 1 6
62 2 6
62 3 6
62 4 6
63 0 6
63 1 6
63 2 6
63 3 6
63 4 6
64 0 6
64 1 6
64 2 6
64 3 6
64 4 6
65 0 6
65 1 6
65 2 6
65 3 6
65 4 6
66 0 6
66 1 6
66 2 6
66 3 6
66 4 6
67 0 6
67 1 6
67 2 6
67 3 6
67 4 6
68 0 6
68 1 6
68 2 6
68 3 6
68 4 6
69 0 6
69 1 6
69 2 6
69 3 6
69 4 6
70 0 7
70 1 7
70 2 7
70 3 7
70 4 7
71 0 7
71 1 7
71 2 7
71 3 7
71 4 7
72 0 7
72 1 7
72 2 7
72 3 7
72 4 7
73 0 7
73 1 7
73 2 7
73 3 7
73 4 7
74 0 7
74 1 7
74 2 7
74 3 7
74 4 7
75 0 7
75 1 7
75 2 7
75 3 7
75 4 7
76 0 7
76 1 7
76 2 7
76 3 7
76 4 7
77 0 7
77 1 7
77 2 7
77 3 7
77 4 7
78 0 7
78 1 7
78 2 7
78 3 7
78 4 7
79 0 7
79 1 7
79 2 7
79 3 7
79 4 7
80 0 8
80 1 8
80 2 8
80 3 8
80 4 8
81 0 8
81 1 8
81 2 8
81 3 8
81 4 8
82 0 8
82 1 8
82 2 8
82 3 8
82 4 8
83 0 8
83 1 8
83 2 8
83 3 8
83 4 8
84 0 8
84 1 8
84 2 8
84 3 8
84 4 8
85 0 8
85 1 8
85 2 8
85 3 8
85 4 8
86 0 8
86 1 8
86 2 8
86 3 8
86 4 8
87 0 8
87 1 8
87 2 8
87 3 8
87 4 8
88 0 8
88 1 8
88 2 8
88 3 8
88 4 8
89 0 8
89 1 8
89 2 8
89 3 8
89 4 8
90 0 9
90 1 9
90 2 9
90 3 9
90 4 9
91 0 9
91 1 9
91 2 9
91 3 9
91 4 9
92 0 9
92 1 9
92 2 9
92 3 9
92 4 9
93 0 9
93 1 9
93 2 9
93 3 9
93 4 9
94 0 9
94 1 9
94 2 9
94 3 9
94 4 9
95 0 9
95 1 9
95 2 9
95 3 9
95 4 9
96 0 9
96 1 9
96 2 9
96 3 9
96 4 9
97 0 9
97 1 9
97 2 9
97 3 9
97 4 9
98 0 9
98 1 9
98 2 9
98 3 9
98 4 9
99 0 9
99 1 9
99 2 9
99 3 9
99 4 9
100 0 10
100 1 10
100 2 10
100 3 10
100 4 10
101 0 10
101 1 10
101 2 10
101 3 10
101 4 10
102 0 10
102 1 10
102 2 10
102 3 10
102 4 10
103 0 10
103 1 10
103 2 10
103 3 10
103 4 10
104 0 10
104 1 10
104 2 10
104 3 10
104 4 10
105 0 10
105 1 10
105 2 10
105 3 10
105 4 10
106 0 10
106 1 10
106 2 10
106 3 10
106 4 10
107 0 10
107 1 10
107 2 10
107 3 10
107 4 10
108 0 10
108 1 10
108 2 10
108 3 10
108 4 10
109 0 10
109 1 10
109 2 10
109 3 10
109 4 10
110 0 11
110 1 11
110 2 11
110 3 11
110 4 11
111 0 11
111 1 11
111 2 11
111 3 11
111 4 11
112 0 11
112 1 11
112 2 11
112 3 11
112 4 11
113 0 11
113 1 11
113 2 11
113 3 11
113 4 11
114 0 11
114 1 11
114 2 11
114 3 11
114 4 11
115 0 11
115 1 11
115 2 11
115 3 11
115 4 11
116 0 11
116 1 11
116 2 11
116 3 11
116 4 11
117 0 11
117 1 11
117 2 11
117 3 11
117 4 11
118 0 11
118 1 11
118 2 11
118 3 11
118 4 11
119 0 11
119 1 11
119 2 11
119 3 11
119 4 11
120 0 12
120 1 12
120 2 12
120 3 12
120 4 12
121 0 12
121 1 12
121 2 12
121 3 12
121 4 12
122 0 12
122 1 12
122 2 12
122 3 12
122 4 12
123 0 12
123 1 12
123 2 12
123 3 12
123 4 12
124 0 12
124 1 12
124 2 12
124 3 12
124 4 12
125 0 12
125 1 12
125 2 12
125 3 12
125 4 12
126 0 12
126 1 12
126 2 12
126 3 12
126 4 12
127 0 12
127 1 12
127 2 12
127 3 12
127 4 12
128 0 12
128 1 12
128 2 12
128 3 12
128 4 12
129 0 12
129 1 12
129 2 12
129 3 12
129 4 12
130 0 13
130 1 13
130 2 13
130 3 13
130 4 13
131 0 13
131 1 13
131 2 13
131 3 13
131 4 13
132 0 13
132 1 13
132 2 13
132 3 13
132 4 13
133 0 13
133 1 13
133 2 13
133 3 13
133 4 13
134 0 13
134 1 13
134 2 13
134 3 13
134 4 13
135 0 13
135 1 13
135 2 13
135 3 13
135 4 13
136 0 13
136 1 13
136 2 13
136 3 13
136 4 13
137 0 13
137 1 13
137 2 13
137 3 13
137 4 13
138 0 13
138 1 13
138 2 13
138 3 13
138 4 13
139 0 13
139 1 13
139 2 13
139 3 13
139 4 13
140 0 14
140 1 14
140 2 14
140 3 14
140 4 14
141 0 14
141 1 14
141 2 14
141 3 14
141 4 14
142 0 14
142 1 14
142 2 14
142 3 14
142 4 14
143 0 14
143 1 14
143 2 14
143 3 14
143 4 14
144 0 14
144 1 14
144 2 14
144 3 14
144 4 14
145 0 14
145 1 14
145 2 14
145 3 14
145 4 14
146 0 14
146 1 14
146 2 14
146 3 14
146 4 14
147 0 14
147 1 14
147 2 14
147 3 14
147 4 14
148 0 14
148 1 14
148 2 14
148 3 14
148 4 14
149 0 14
149 1 14
149 2 14
149 3 14
149 4 14
150 0 15
150 1 15
150 2 15
150 3 15
150 4 15
151 0 15
151 1 15
151 2 15
151 3 15
151 4 15
152 0 15
152 1 15
152 2 15
152 3 15
152 4 15
153 0 15
153 1 15
153 2 15
153 3 15
153 4 15
154 0 15
154 1 15
154 2 15
154 3 15
154 4 15
155 0 15
155 1 15
155 2 15
155 3 15
155 4 15
156 0 15
156 1 15
156 2 15
156 3 15
156 4 15
157 0 15
157 1 15
157 2 15
157 3 15
157 4 15
158 0 15
158 1 15
158 2 15
158 3 15
158 4 15
159 0 15
159 1 15
159 2 15
159 3 15
159 4 15
160 0 16
160 1 16
160 2 16
160 3 16
160 4 16
161 0 16
161 1 16
161 2 16
161 3 16
161 4 16
162 0 16
162 1 16
162 2 16
162 3 16
162 4 16
163 0 16
163 1 16
163 2 16
163 3 16
163 4 16
164 0 16
164 1 16
164 2 16
164 3 16
164 4 16
165 0 16
165 1 16
165 2 16
165 3 16
165 4 16
166 0 16
166 1 16
166 2 16
166 3 16
166 4 16
167 0 16
167 1 16
167 2 16
167 3 16
167 4 16
168 0 16
168 1 16
168 2 16
168 3 16
168 4 16
169 0 16
169 1 16
169 2 16
169 3 16
169 4 16
170 0 17
170 1 17
170 2 17
170 3 17
170 4 17
171 0 17
171 1 17
171 2 17
171 3 17
171 4 17
172 0 17
172 1 17
172 2 17
172 3 17
172 4 17
173 0 17
173 1 17
173 2 17
173 3 17
173 4 17
174 0 17
174 1 17
174 2 17
174 3 17
174 4 17
175 0 17
175 1 17
175 2 17
175 3 17
175 4 17
176 0 17
176 1 17
176 2 17
176 3 17
176 4 17
177 0 17
177 1 17
177 2 17
177 3 17
177 4 17
178 0 17
178 1 17
178 2 17
178 3 17
178 4 17
179 0 17
179 1 17
179 2 17
179 3 17
179 4 17
180 0 18
180 1 18
180 2 18
180 3 18
180 4 18
181 0 18
181 1 18
181 2 18
181 3 18
181 4 18
182 0 18
182 1 18
182 2 18
182 3 18
182 4 18
183 0 18
183 1 18
183 2 18
183 3 18
183 4 18
184 0 18
184 1 18
184 2 18
184 3 18
184 4 18
185 0 18
185 1 18
185 2 18
185 3 18
185 4 18
186 0 18
186 1 18
186 2 18
186 3 18
186 4 18
187 0 18
187 1 18
187 2 18
187 3 18
187 4 18
188 0 18
188 1 18
188 2 18
188 3 18
188 4 18
189 0 18
189 1 18
189 2 18
189 3 18
189 4 18
190 0 19
190 1 19
190 2 19
190 3 19
190 4 19
191 0 19
191 1 19
191 2 19
191 3 19
191 4 19
192 0 19
192 1 19
192 2 19
192 3 19
192 4 19
193 0 19
193 1 19
193 2 19
193 3 19
193 4 19
194 0 19
194 1 19
194 2 19
194 3 19
194 4 19
195 0 19
195 1 19
195 2 19
195 3 19
195 4 19
196 0 19
196 1 19
196 2 19
196 3 19
196 4 19
197 0 19
197 1 19
197 2 19
197 3 19
197 4 19
198 0 19
198 1 19
198 2 19
198 3 19
198 4 19
199 0 19
199 1 19
199 2 19
199 3 19
199 4 19
200 0 20
200 1 20
200 2 20
200 3 20
200 4 20
201 0 20
201 1 20
201 2 20
201 3 20
201 4 20
202 0 20
202 1 20
202 2 20
202 3 20
202 4 20
203 0 20
203 1 20
203 2 20
203 3 20
203 4 20
204 0 20
204 1 20
204 2 20
204 3 20
204 4 20
205 0 20
205 1 20
205 2 20
205 3 20
205 4 20
206 0 20
206 1 20
206 2 20
206 3 20
206 4 20
207 0 20
207 1 20
207 2 20
207 3 20
207 4 20
208 0 20
208 1 20
208 2 20
208 3 20
208 4 20
209 0 20
209 1 20
209 2 20
209 3 20
209 4 20
210 0 21
210 1 21
210 2 21
210 3 21
210 4 21
211 0 21
211 1 21
211 2 21
211 3 21
211 4 21
212 0 21
212 1 21
212 2 21
212 3 21
212 4 21
213 0 21
213 1 21
213 2 21
213 3 21
213 4 21
214 0 21
214 1 21
214 2 21
214 3 21
214 4 21
215 0 21
215 1 21
215 2 21
215 3 21
215 4 21
216 0 21
216 1 21
216 2 21
216 3 21
216 4 21
217 0 21
217 1 21
217 2 21
217 3 21
217 4 21
218 0 21
218 1 21
218 2 21
218 3 21
218 4 21
219 0 21
219 1 21
219 2 21
219 3 21
219 4 21
220 0 22
220 1 22
220 2 22
220 3 22
220 4 22
221 0 22
221 1 22
221 2 22
221 3 22
221 4 22
222 0 22
222 1 22
222 2 22
222 3 22
222 4 22
223 0 22
223 1 22
223 2 22
223 3 22
223 4 22
224 0 22
224 1 22
224 2 22
224 3 22
224 4 22
225 0 22
225 1 22
225 2 22
225 3 22
225 4 22
226 0 22
226 1 22
226 2 22
226 3 22
226 4 22
227 0 22
227 1 22
227 2 22
227 3 22
227 4 22
228 0 22
228 1 22
228 2 22
228 3 22
228 4 22
229 0 22
229 1 22
229 2 22
229 3 22
229 4 22
230 0 23
230 1 23
230 2 23
230 3 23
230 4 23
231 0 23
231 1 23
231 2 23
231 3 23
231 4 23
232 0 23
232 1 23
232 2 23
232 3 23
232 4 23
233 0 23
233 1 23
233 2 23
233 3 23
233 4 23
234 0 23
234 1 23
234 2 23
234 3 23
234 4 23
235 0 23
235 1 23
235 2 23
235 3 23
235 4 23
236 0 23
236 1 23
236 2 23
236 3 23
236 4 23
237 0 23
237 1 23
237 2 23
237 3 23
237 4 23
238 0 23
238 1 23
238 2 23
238 3 23
238 4 23
239 0 23
239 1 23
239 2 23
239 3 23
239 4 23
240 0 24
240 1 24
240 2 24
240 3 24
240 4 24
241 0 24
241 1 24
241 2 24
241 3 24
241 4 24
242 0 24
242 1 24
242 2 24
242 3 24
242 4 24
243 0 24
243 1 24
243 2 24
243 3 24
243 4 24
244 0 24
244 1 24
244 2 24
244 3 24
244 4 24
245 0 24
245 1 24
245 2 24
245 3 24
245 4 24
246 0 24
246 1 24
246 2 24
246 3 24
246 4 24
247 0 24
247 1 24
247 2 24
247 3 24
247 4 24
248 0 24
248 1 24
248 2 24
248 3 24
248 4 24
249 0 24
249 1 24
249 2 24
249 3 24
249 4 24
250 0 25
250 1 25
250 2 25
250 3 25
250 4 25
251 0 25
251 1 25
251 2 25
251 3 25
251 4 25
252 0 25
252 1 25
252 2 25
252 3 25
252 4 25
253 0 25
253 1 25
253 2 25
253 3 25
253 4 25
254 0 25
254 1 25
254 2 25
254 3 25
254 4 25
255 0 25
255 1 25
255 2 25
255 3 25
255 4 25
256 0 25
256 1 25
256 2 25
256 3 25
256 4 25
257 0 25
257 1 25
257 2 25
257 3 25
257 4 25
258 0 25
258 1 25
258 2 25
258 3 25
258 4 25
259 0 25
259 1 25
259 2 25
259 3 25
259 4 25
260 0 26
260 1 26
260 2 26
260 3 26
260 4 26
261 0 26
261 1 26
261 2 26
261 3 26
261 4 26
262 0 26
262 1 26
262 2 26
262 3 26
262 4 26
263 0 26
263 1 26
263 2 26
263 3 26
263 4 26
264 0 26
264 1 26
264 2 26
264 3 26
264 4 26
265 0 26
265 1 26
265 2 26
265 3 26
265 4 26
266 0 26
266 1 26
266 2 26
266 3 26
266 4 26
267 0 26
267 1 26
267 2 26
267 3 26
267 4 26
268 0 26
268 1 26
268 2 26
268 3 26
268 4 26
269 0 26
269 1 26
269 2 26
269 3 26
269 4 26
270 0 27
270 1 27
270 2 27
270 3 27
270 4 27
271 0 27
271 1 27
271 2 27
271 3 27
271 4 27
272 0 27
272 1 27
272 2 27
272 3 27
272 4 27
273 0 27
273 1 27
273 2 27
273 3 27
273 4 27
274 0 27
274 1 27
274 2 27
274 3 27
274 4 27
275 0 27
275 1 27
275 2 27
275 3 27
275 4 27
276 0 27
276 1 27
276 2 27
276 3 27
276 4 27
277 0 27
277 1 27
277 2 27
277 3 27
277 4 27
278 0 27
278 1 27
278 2 27
278 3 27
278 4 27
279 0 27
279 1 27
279 2 27
279 3 27
279 4 27
280 0 28
280 1 28
280 2 28
280 3 28
280 4 28
281 0 28
281 1 28
281 2 28
281 3 28
281 4 28
282 0 28
282 1 28
282 2 28
282 3 28
282 4 28
283 0 28
283 1 28
283 2 28
283 3 28
283 4 28
284 0 28
284 1 28
284 2 28
284 3 28
284 4 28
285 0 28
285 1 28
285 2 28
285 3 28
285 4 28
286 0 28
286 1 28
286 2 28
286 3 28
286 4 28
287 0 28
287 1 28
287 2 28
287 3 28
287 4 28
288 0 28
288 1 28
288 2 28
288 3 28
288 4 28
289 0 28
289 1 28
289 2 28
289 3 28
289 4 28
290 0 29
290 1 29
290 2 29
290 3 29
290 4 29
291 0 29
291 1 29
291 2 29
291 3 29
291 4 29
292 0 29
292 1 29
292 2 29
292 3 29
292 4 29
293 0 29
293 1 29
293 2 29
293 3 29
293 4 29
294 0 29
294 1 29
294 2 29
294 3 29
294 4 29
295 0 29
295 1 29
295 2 29
295 3 29
295 4 29
296 0 29
296 1 29
296 2 29
296 3 29
296 4 29
297 0 29
297 1 29
297 2 29
297 3 29
297 4 29
298 0 29
298 1 29
298 2 29
298 3 29
298 4 29
299 0 29
299 1 29
299 2 29
299 3 29
299 4 29
300 0 30
300 1 30
300 2 30
300 3 30
300 4 30
301 0 30
301 1 30
301 2 30
301 3 30
301 4 30
302 0 30
302 1 30
302 2 30
302 3 30
302 4 30
303 0 30
303 1 30
303 2 30
303 3 30
303 4 30
304 0 30
304 1 30
304 2 30
304 3 30
304 4 30
305 0 30
305 1 30
305 2 30
305 3 30
305 4 30
306 0 30
306 1 30
306 2 30
306 3 30
306 4 30
307 0 30
307 1 30
307 2 30
307 3 30
307 4 30
308 0 30
308 1 30
308 2 30
308 3 30
308 4 30
309 0 30
309 1 30
309 2 30
309 3 30
309 4 30
310 0 31
310 1 31
310 2 31
310 3 31
310 4 31
311 0 31
311 1 31
311 2 31
311 3 31
311 4 31
312 0 31
312 1 31
312 2 31
312 3 31
312 4 31
313 0 31
313 1 31
313 2 31
313 3 31
313 4 31
314 0 31
314 1 31
314 2 31
314 3 31
314 4 31
315 0 31
315 1 31
315 2 31
315 3 31
315 4 31
316 0 31
316 1 31
316 2 31
316 3 31
316 4 31
317 0 31
317 1 31
317 2 31
317 3 31
317 4 31
318 0 31
318 1 31
318 2 31
318 3 31
318 4 31
319 0 31
319 1 31
319 2 31
319 3 31
319 4 31
320 0 32
320 1 32
320 2 32
320 3 32
320 4 32
321 0 32
321 1 32
321 2 32
321 3 32
321 4 32
322 0 32
322 1 32
322 2 32
322 3 32
322 4 32
323 0 32
323 1 32
323 2 32
323 3 32
323 4 32
324 0 32
324 1 32
324 2 32
324 3 32
324 4 32
325 0 32
325 1 32
325 2 32
325 3 32
325 4 32
326 0 32
326 1 32
326 2 32
326 3 32
326 4 32
327 0 32
327 1 32
327 2 32
327 3 32
327 4 32
328 0 32
328 1 32
328 2 32
328 3 32
328 4 32
329 0 32
329 1 32
329 2 32
329 3 32
329 4 32
330 0 33
330 1 33
330 2 33
330 3 33
330 4 33
331 0 33
331 1 33
331 2 33
331 3 33
331 4 33
332 0 33
332 1 33
332 2 33
332 3 33
332 4 33
333 0 33
333 1 33
333 2 33
333 3 33
333 4 33
334 0 33
334 1 33
334 2 33
334 3 33
334 4 33
335 0 33
335 1 33
335 2 33
335 3 33
335 4 33
336 0 33
336 1 33
336 2 33
336 3 33
336 4 33
337 0 33
337 1 33
337 2 33
337 3 33
337 4 33
338 0 33
338 1 33
338 2 33
338 3 33
338 4 33
339 0 33
339 1 33
339 2 33
339 3 33
339 4 33
340 0 34
340 1 34
340 2 34
340 3 34
340 4 34
341 0 34
341 1 34
341 2 34
341 3 34
341 4 34
342 0 34
342 1 34
342 2 34
342 3 34
342 4 34
343 0 34
343 1 34
343 2 34
343 3 34
343 4 34
344 0 34
344 1 34
344 2 34
344 3 34
344 4 34
345 0 34
345 1 34
345 2 34
345 3 34
345 4 34
346 0 34
346 1 34
346 2 34
346 3 34
346 4 34
347 0 34
347 1 34
347 2 34
347 3 34
347 4 34
348 0 34
348 1 34
348 2 34
348 3 34
348 4 34
349 0 34
349 1 34
349 2 34
349 3 34
349 4 34
350 0 35
350 1 35
350 2 35
350 3 35
350 4 35
351 0 35
351 1 35
351 2 35
351 3 35
351 4 35
352 0 35
352 1 35
352 2 35
352 3 35
352 4 35
353 0 35
353 1 35
353 2 35
353 3 35
353 4 35
354 0 35
354 1 35
354 2 35
354 3 35
354 4 35
355 0 35
355 1 35
355 2 35
355 3 35
355 4 35
356 0 35
356 1 35
356 2 35
356 3 35
356 4 35
357 0 35
357 1 35
357 2 35
357 3 35
357 4 35
358 0 35
358 1 35
358 2 35
358 3 35
358 4 35
359 0 35
359 1 35
359 2 35
359 3 35
359 4 35
360 0 36
360 1 36
360 2 36
360 3 36
360 4 36
361 0 36
361 1 36
361 2 36
361 3 36
361 4 36
362 0 36
362 1 36
362 2 36
362 3 36
362 4 36
363 0 36
363 1 36
363 2 36
363 3 36
363 4 36
364 0 36
364 1 36
364 2 36
364 3 36
364 4 36
365 0 36
365 1 36
365 2 36
365 3 36
365 4 36
366 0 36
366 1 36
366 2 36
366 3 36
366 4 36
367 0 36
367 1 36
367 2 36
367 3 36
367 4 36
368 0 36
368 1 36
368 2 36
368 3 36
368 4 36
369 0 36
369 1 36
369 2 36
369 3 36
369 4 36
370 0 37
370 1 37
370 2 37
370 3 37
370 4 37
371 0 37
371 1 37
371 2 37
371 3 37
371 4 37
372 0 37
372 1 37
372 2 37
372 3 37
372 4 37
373 0 37
373 1 37
373 2 37
373 3 37
373 4 37
374 0 37
374 1 37
374 2 37
374 3 37
374 4 37
375 0 37
375 1 37
375 2 37
375 3 37
375 4 37
376 0 37
376 1 37
376 2 37
376 3 37
376 4 37
377 0 37
377 1 37
377 2 37
377 3 37
377 4 37
378 0 37
378 1 37
378 2 37
378 3 37
378 4 37
379 0 37
379 1 37
379 2 37
379 3 37
379 4 37
380 0 38
380 1 38
380 2 38
380 3 38
380 4 38
381 0 38
381 1 38
381 2 38
381 3 38
381 4 38
382 0 38
382 1 38
382 2 38
382 3 38
382 4 38
383 0 38
383 1 38
383 2 38
383 3 38
383 4 38
384 0 38
384 1 38
384 2 38
384 3 38
384 4 38
385 0 38
385 1 38
385 2 38
385 3 38
385 4 38
386 0 38
386 1 38
386 2 38
386 3 38
386 4 38
387 0 38
387 1 38
387 2 38
387 3 38
387 4 38
388 0 38
388 1 38
388 2 38
388 3 38
388 4 38
389 0 38
389 1 38
389 2 38
389 3 38
389 4 38
390 0 39
390 1 39
390 2 39
390 3 39
390 4 39
391 0 39
391 1 39
391 2 39
391 3 39
391 4 39
392 0 39
392 1 39
392 2 39
392 3 39
392 4 39
393 0 39
393 1 39
393 2 39
393 3 39
393 4 39
394 0 39
394 1 39
394 2 39
394 3 39
394 4 39
395 0 39
395 1 39
395 2 39
395 3 39
395 4 39
396 0 39
396 1 39
396 2 39
396 3 39
396 4 39
397 0 39
397 1 39
397 2 39
397 3 39
397 4 39
398 0 39
398 1 39
398 2 39
398 3 39
398 4 39
399 0 39
399 1 39
399 2 39
399 3 39
399 4 39
400 0 40
400 1 40
400 2 40
400 3 40
400 4 40
401 0 40
401 1 40
401 2 40
401 3 40
401 4 40
402 0 40
402 1 40
402 2 40
402 3 40
402 4 40
403 0 40
403 1 40
403 2 40
403 3 40
403 4 40
404 0 40
404 1 40
404 2 40
404 3 40
404 4 40
405 0 40
405 1 40
405 2 40
405 3 40
405 4 40
406 0 40
406 1 40
406 2 40
406 3 40
406 4 40
407 0 40
407 1 40
407 2 40
407 3 40
407 4 40
408 0 40
408 1 40
408 2 40
408 3 40
408 4 40
409 0 40
409 1 40
409 2 40
409 3 40
409 4 40
410 0 41
410 1 41
410 2 41
410 3 41
410 4 41
411 0 41
411 1 41
411 2 41
411 3 41
411 4 41
412 0 41
412 1 41
412 2 41
412 3 41
412 4 41
413 0 41
413 1 41
413 2 41
413 3 41
413 4 41
414 0 41
414 1 41
414 2 41
414 3 41
414 4 41
415 0 41
415 1 41
415 2 41
415 3 41
415 4 41
416 0 41
416 1 41
416 2 41
416 3 41
416 4 41
417 0 41
417 1 41
417 2 41
417 3 41
417 4 41
418 0 41
418 1 41
418 2 41
418 3 41
418 4 41
419 0 41
419 1 41
419 2 41
419 3 41
419 4 41
420 0 42
420 1 42
420 2 42
420 3 42
420 4 42
421 0 42
421 1 42
421 2 42
421 3 42
421 4 42
422 0 42
422 1 42
422 2 42
422 3 42
422 4 42
423 0 42
423 1 42
423 2 42
423 3 42
423 4 42
424 0 42
424 1 42
424 2 42
424 3 42
424 4 42
425 0 42
425 1 42
425 2 42
425 3 42
425 4 42
426 0 42
426 1 42
426 2 42
426 3 42
426 4 42
427 0 42
427 1 42
427 2 42
427 3 42
427 4 42
428 0 42
428 1 42
428 2 42
428 3 42
428 4 42
429 0 42
429 1 42
429 2 42
429 3 42
429 4 42
430 0 43
430 1 43
430 2 43
430 3 43
430 4 43
431 0 43
431 1 43
431 2 43
431 3 43
431 4 43
432 0 43
432 1 43
432 2 43
432 3 43
432 4 43
433 0 43
433 1 43
433 2 43
433 3 43
433 4 43
434 0 43
434 1 43
434 2 43
434 3 43
434 4 43
435 0 43
435 1 43
435 2 43
435 3 43
435 4 43
436 0 43
436 1 43
436 2 43
436 3 43
436 4 43
437 0 43
437 1 43
437 2 43
437 3 43
437 4 43
438 0 43
438 1 43
438 2 43
438 3 43
438 4 43
439 0 43
439 1 43
439 2 43
439 3 43
439 4 43
440 0 44
440 1 44
440 2 44
440 3 44
440 4 44
441 0 44
441 1 44
441 2 44
441 3 44
441 4 44
442 0 44
442 1 44
442 2 44
442 3 44
442 4 44
443 0 44
443 1 44
443 2 44
443 3 44
443 4 44
444 0 44
444 1 44
444 2 44
444 3 44
444 4 44
445 0 44
445 1 44
445 2 44
445 3 44
445 4 44
446 0 44
446 1 44
446 2 44
446 3 44
446 4 44
447 0 44
447 1 44
447 2 44
447 3 44
447 4 44
448 0 44
448 1 44
448 2 44
448 3 44
448 4 44
449 0 44
449 1 44
449 2 44
449 3 44
449 4 44
450 0 45
450 1 45
450 2 45
450 3 45
450 4 45
451 0 45
451 1 45
451 2 45
451 3 45
451 4 45
452 0 45
452 1 45
452 2 45
452 3 45
452 4 45
453 0 45
453 1 45
453 2 45
453 3 45
453 4 45
454 0 45
454 1 45
454 2 45
454 3 45
454 4 45
455 0 45
455 1 45
455 2 45
455 3 45
455 4 45
456 0 45
456 1 45
456 2 45
456 3 45
456 4 45
457 0 45
457 1 45
457 2 45
457 3 45
457 4 45
